version: 1
creator: callgrind-3.7.0
pid: 7768
cmd:  ./test_jfons.exe
part: 1


desc: I1 cache: 
desc: D1 cache: 
desc: LL cache: 

desc: Timerange: Basic block 0 - 30800000
desc: Trigger: Program termination

positions: line
events: Ir
summary: 133719448


ob=(4) /lib/arm-linux-gnueabihf/libc-2.13.so
fl=(44) /build/eglibc-B4_LNK/eglibc-2.13/misc/init-misc.c
fn=(222) __init_misc
31 1
+1 1
-1 2
+1 1
cfn=(223) __init_misc'2
calls=1 * 
* 190

fn=(223)
32 3
cfn=(223)
calls=1 +2 
* 187
+2 3
cfi=(45) /build/eglibc-B4_LNK/eglibc-2.13/string/strrchr.c
cfn=(224) rindex
calls=1 -8 
* 173
+1 2
+3 4
+1 5

fl=(68) /build/eglibc-B4_LNK/eglibc-2.13/nptl/../nptl/sysdeps/unix/sysv/linux/register-atfork.c
fn=(406) __linkin_atfork
117 4
+2 15
-1 2
+2 1

fl=(77) /build/eglibc-B4_LNK/eglibc-2.13/libio/ioseekoff.c
fn=(440) _IO_seekoff_unlocked
45 10
+1 2
-1 4
+1 2
+9 10
+1 1
+15 14
cfi=(73) /build/eglibc-B4_LNK/eglibc-2.13/libio/fileops.c
cfn=(442) _IO_file_seekoff@@GLIBC_2.4
calls=2 965 
* 364
+1 2
-17 3
fi=(82) /build/eglibc-B4_LNK/eglibc-2.13/libio/libioP.h
984 1
fi=(76) /build/eglibc-B4_LNK/eglibc-2.13/libio/fseek.c
41 6
fi=(82)
984 2
+1 28
fi=(76)
44 3
fe=(77)

fl=(75) /build/eglibc-B4_LNK/eglibc-2.13/string/strstr.c
fn=(432) strstr
53 2
+10 1
-10 2
+10 2
+2 3
+24 3
-23 2
-3 1
-5 2

fl=(56) /build/eglibc-B4_LNK/eglibc-2.13/csu/libc-start.c
fn=(358) (below main)
102 4
+10 1
-10 3
+10 1
-10 1
+10 1
-10 2
+10 3
+64 1
-64 2
+64 1
+1 3
cfi=(53) /build/eglibc-B4_LNK/eglibc-2.13/stdlib/cxa_atexit.c
cfn=(294) __cxa_atexit
calls=1 58 
* 83
+22 6
+3 2
+1 7
cob=(9) /home/pi/DSBM/test_jfons.exe
cfi=(55) ???
cfn=(360) __libc_csu_init
calls=1 0 
* 132375396

fl=(83) /build/eglibc-B4_LNK/eglibc-2.13/libio/iofread.c
fn=(468) fread
fi=(61) /home/pi/DSBM/bcm2835-1.50/src/bcm2835.c
1328 2
+2 4
cfi=(85) /build/eglibc-B4_LNK/eglibc-2.13/libio/iofclose.c
cfn=(486) fclose@@GLIBC_2.4
calls=1 43 
* 7181
cob=(1) /lib/arm-linux-gnueabihf/ld-2.13.so
cfi=(50) /build/eglibc-B4_LNK/eglibc-2.13/elf/../ports/sysdeps/arm/dl-trampoline.S
cfn=(266) _dl_runtime_resolve
calls=1 45 
* 1394
cfi=(83)
cfn=(469) fread'2
calls=1 37 
* 128
cfi=(76)
cfn=(439) fseek'2
calls=1 40 
* 199
-1 11
fe=(83)
37 1
+1 1
-1 1
+4 1
-4 3
+4 1
+2 5
cfi=(60) /build/eglibc-B4_LNK/eglibc-2.13/csu/../ports/sysdeps/unix/sysv/linux/arm/aeabi_read_tp.S
cfn=(380) __aeabi_read_tp
calls=1 +4 
* 4
* 28
+1 4
cfi=(72) /build/eglibc-B4_LNK/eglibc-2.13/libio/genops.c
cfn=(470) _IO_sgetn
calls=1 498 
* 229

fn=(469)
37 1
+1 1
-1 1
+4 1
-4 3
+4 1
+2 5
cfi=(60)
cfn=(380)
calls=1 +4 
* 4
* 22
+1 4
cfi=(72)
cfn=(470)
calls=1 498 
* 55
fi=(82)
984 1
fe=(83)
44 1
fi=(82)
984 2
+1 22
fe=(83)
46 2
+1 2

fl=(57) /build/eglibc-B4_LNK/eglibc-2.13/setjmp/../ports/sysdeps/arm/bsd-_setjmp.S
fn=(374) _setjmp
27 1
+1 1
cfi=(58) /build/eglibc-B4_LNK/eglibc-2.13/setjmp/../ports/sysdeps/arm/eabi/setjmp.S
cfn=(376) __sigsetjmp
calls=1 -1 
* 22

fl=(84) /build/eglibc-B4_LNK/eglibc-2.13/string/../ports/sysdeps/arm/memcpy.S
fn=(480) memcpy
60 2
+7 2
+1 2
+1 2
+1 2
+1 2
+1 2
+1 2
+2 2
+1 2
+6 2
+25 2
+1 2
+1 2
+9 2
+2 2
+9 2
+4 2
+7 2
+1 2
+1 2
+1 2
+1 2
+1 2
+1 2
+9 2

fl=(74) /build/eglibc-B4_LNK/eglibc-2.13/io/../sysdeps/unix/syscall-template.S
fn=(462) read
fi=(73)
1125 2
-36 7
+8 2
+4 1
-1 1
-3 1
+3 1
-3 1
+4 1
-4 2
+2 3
+1 1
+1 1
+1 3
608 2
+10 1
-3 1
+3 2
-3 1
+3 2
-3 1
+3 1
+1 3
+1 2
+1 1
fe=(74)
82 20

fn=(430) open
fi=(73)
232 1
+4 2
+3 4
+1 1
-1 2
+1 3
-2 1
+1 1
+1 1
+7 2
cfi=(72)
cfn=(424) _IO_link_in
calls=1 105 
* 8
+2 3
fe=(74)
82 20
cob=(9)
cfi=(61)
cfn=(385) bcm2835_init'2
calls=1 1347 
* 2816

fn=(522) close
82 10
cob=(9)
cfi=(61)
cfn=(385)
calls=1 1394 
* 4

fl=(67) /build/eglibc-B4_LNK/eglibc-2.13/elf/dl-addr.c
fn=(404) _dl_addr
127 4
+5 1
-5 2
+5 1
-5 1
+5 3
-5 1
+5 1
cob=(1)
cfi=(2) /build/eglibc-B4_LNK/eglibc-2.13/elf/rtld.c
cfn=(50) rtld_lock_default_lock_recursive
calls=1 842 
* 4
+3 3
-10 1
+10 1
+1 3
+1 28
+1 7
-1 7
+1 7
-1 7
+1 5
-2 18
+10 4
cob=(1)
cfi=(2)
cfn=(52) rtld_lock_default_unlock_recursive
calls=1 848 
* 4
+3 3
31 1
+1 1
-1 1
+4 3
+5 1
+1 1
+5 1
-3 1
-3 1
+1 1
+5 1
-5 1
-2 1
+4 1
+3 1
+5 7
+2 1
+1 2
-1 1010
+1 2020
+2 2718
+6 6441
+2 8588
+1 15772
+7 8588
-21 3033
+49 1
+2 1
-2 1
+1 1
+1 1
+1 1
+2 2
+12 1
+24 1
-24 1
+1 2

fl=(86) /build/eglibc-B4_LNK/eglibc-2.13/misc/../sysdeps/unix/syscall-template.S
fn=(496) munmap
fi=(72)
409 1
+1 1
+2 1
-5 1
+1 1
+4 2
-6 2
fe=(86)
82 5
+1 1

fl=(73)
fn=(448) _IO_file_stat
1235 1
-2 1
+2 3
cfi=(79) /build/eglibc-B4_LNK/eglibc-2.13/io/../sysdeps/unix/sysv/linux/fxstat64.c
cfn=(450) __fxstat64
calls=1 46 
* 10

fn=(456) _IO_file_seek
1222 4
cfi=(81) /build/eglibc-B4_LNK/eglibc-2.13/misc/../sysdeps/unix/sysv/linux/llseek.c
cfn=(458) llseek
calls=2 31 
* 30

fn=(442)
fi=(77)
72 2
fe=(73)
965 6
+6 4
-6 2
+6 2
-6 6
+7 4
-1 3
+3 1
+1 3
+10 2
-11 1
+1 3
+10 8
+4 6
+13 4
+45 2
+4 7
+1 1
-1 2
+1 2
+3 3
-1 2
+2 6
+2 2
+5 1
+58 2
-63 2
+3 3
+2 1
+58 1
+1 7
cfn=(456)
calls=1 1222 
* 17
* 3
+3 2
972 2
-1 1
+1 2
+20 3
+5 2
cfi=(72)
cfn=(444) _IO_doallocbuf
calls=1 420 
* 231

fn=(494) _IO_file_close
1257 1
+3 6
+1 2

fn=(422) _IO_file_init@@GLIBC_2.4
153 1
-1 2
-4 2
+4 1
+1 3
+2 1
cfi=(72)
cfn=(424)
calls=1 -50 
* 161
+1 2
+1 1

fn=(428) _IO_file_open
225 3
+3 1
-3 1
+3 1
-3 2
+3 1
+4 6
cfi=(74)
cfn=(430)
calls=1 82 
* 39
423 3
-82 2
+3 4
cfi=(75)
cfn=(432)
calls=1 53 
* 18
+1 2

fn=(490) _IO_file_close_it@@GLIBC_2.4
fi=(82)
984 2
+1 6
fi=(85)
66 5
cfi=(73)
cfn=(500) _IO_file_finish@@GLIBC_2.4
calls=1 207 
* 31
+1 3
+18 15
+2 2
+1 2
cfi=(63) /build/eglibc-B4_LNK/eglibc-2.13/malloc/malloc.c
cfn=(506) free
calls=1 3692 
* 163
cob=(1)
cfi=(50)
cfn=(266)
calls=1 -43 
* 881
-6 3
-20 3
fi=(82)
985 22
fe=(73)
163 2
+2 3
+4 3
-1 1
+4 1
-4 1
+6 2
cfi=(72)
cfn=(492) _IO_unsave_markers
calls=1 1118 
* 91

fn=(460) _IO_file_read
1209 2
-1 2
+3 2
-1 2
+1 2
+1 2
-1 2
cfi=(74)
cfn=(462)
calls=2 82 
* 64

fn=(472) _IO_file_xsgetn
1398 2
-7 2
+7 2
-7 6
+7 2
+11 4
+2 2
+67 4
-67 2
+1 4
+8 2
+13 3
+9 3
+1 4
-29 3
cfi=(84)
cfn=(480)
calls=1 60 
* 26
+1 4
+69 2
-39 2
cfi=(72)
cfn=(474) __underflow
calls=1 337 
* 159
fi=(72)
501 1
fe=(73)

fn=(500)
207 1
-1 1
+1 1
-1 1
+1 1
+6 2
+1 1
-1 1
cfi=(72)
cfn=(502) _IO_default_finish
calls=1 687 
* 22

fn=(426) _IO_file_fopen@@GLIBC_2.4
fi=(62) /build/eglibc-B4_LNK/eglibc-2.13/libio/iofopen.c
93 1
+2 1
-2 1
+7 2
-5 1
fe=(73)
258 4
+11 3
+2 3
-18 2
+43 15
-2 2
+42 6
cfn=(428)
calls=1 225 
* 83
-26 1
+2 1
-38 1
+1 1
-16 2

fn=(476) _IO_file_underflow@@GLIBC_2.4
553 1
-8 1
+8 1
-8 1
+8 1
+6 3
+1 1
-1 1
cfn=(477) _IO_file_underflow@@GLIBC_2.4'2
calls=1 +3 
* 79

fn=(477)
562 3
+13 4
+20 2
cfi=(72)
cfn=(478) _IO_switch_to_get_mode
calls=1 188 
* 21
+6 1
+5 3
-5 2
+1 1
+2 1
-1 2
+3 4
cfn=(460)
calls=1 1209 
* 34
fi=(72)
361 1
fe=(73)

fl=(78) /build/eglibc-B4_LNK/eglibc-2.13/libio/filedoalloc.c
fn=(446) _IO_file_doallocate
103 1
-15 1
+15 1
-15 2
+15 5
cfi=(73)
cfn=(448)
calls=1 1235 
* 15
* 2
+2 4
+11 3
+1 5
+3 8
cfi=(80) /build/eglibc-B4_LNK/eglibc-2.13/misc/../ports/sysdeps/unix/sysv/linux/arm/mmap.S
cfn=(452) mmap
calls=1 -85 
* 41
fi=(72)
423 2
fe=(78)

fl=(66) /build/eglibc-B4_LNK/eglibc-2.13/misc/../sysdeps/unix/sysv/linux/getpagesize.c
fn=(402) getpagesize
30 1
+5 1
-5 1
+5 2
+16 3

fl=(63)
fn=(510) sYSTRIm
3466 1
-9 2
+12 1
-3 1
+3 1
-3 1
+3 5
-12 1
+14 1
-14 1
+20 1
-6 1
3739 21
+2 2

fn=(408) _int_malloc
4278 3
+30 1
-30 4
+30 1
+8 1
-8 1
+8 1
-8 2
+8 1
-8 2
+8 4
4782 3
4359 2
+2 1
-1 1
+1 2
+2 3
+1 2
+61 7
-4 1
+16 1
-16 4
4530 1
+19 2
+71 1
+1 1
-1 1
+4 1
-2 1
-1 1
+2 1
+1 1
-1 1
+1 1
-3 1
+8 7
4277 1
4631 9
+2 6
+96 1
+3 1
-2 2
+2 2
+33 3
4402 2
cfn=(410) malloc_consolidate
calls=1 5144 
* 785
* 1
4777 2
2990 3
+13 1
-13 1
+13 1
-13 2
+13 1
+90 5
-9 2
+9 1
2991 3
3103 3
+4 4
3418 2
+6 1
-5 1
+5 1
+3 2
+4 1
-2 1
+2 2
-1 1
-2 1
+3 3
+3 1
-3 1
+1 1
-1 1
+1 1
4777 7
3169 1
+8 1
-8 2
+19 2
-10 1
+10 3
+8 1
-8 1
+8 1
+1 6
cfi=(69) /build/eglibc-B4_LNK/eglibc-2.13/malloc/morecore.c
cfn=(412) __default_morecore
calls=1 48 
* 61
+2 2
+2 3
+1 2
+18 2
+27 1
+2 1
-2 1
+2 1
-2 1
+8 1
-8 1
+2 1
-1 1
+7 3
-6 1
+6 1
-6 1
+6 1
+3 7
+40 1
+10 1
+1 1
+8 1
+3 1
+1 1
-23 1
+23 1
-1 1
+1 3
-12 1
+14 2
+1 6
cfi=(69)
cfn=(412)
calls=1 48 
* 23
+12 2
+5 4
+1 2
+17 1
4778 1
3360 1
+1 1
-1 1
+1 1
+12 1
-11 1
-1 1
+1 1
+11 1
-13 1
+1 1
+1 1
+11 1
+22 2
3289 2
+3 3

fn=(396) malloc
3615 3
+5 1
-5 1
+5 2
+1 2
+64 2
-63 2
cfi=(64) /build/eglibc-B4_LNK/eglibc-2.13/malloc/hooks.c
cfn=(398) malloc_hook_ini
calls=1 35 
* 49807
* 2

fn=(397) malloc'2
3615 3
+5 1
-5 1
+5 2
+1 2
+3 2
cfi=(60)
cfn=(380)
calls=1 47 
* 4
* 2
+33 21
+3 3
cfn=(408)
calls=1 4278 
* 1125
+1 1
+20 1
-20 1
+20 20
+1 9
+3 2

fn=(410)
5144 1
-22 1
+22 1
-22 1
+22 1
-22 1
+22 4
2479 127
+1 127
-2 127
+2 254
-2 127
+6 1
+2 1
-2 2
+4 1
-2 1
+2 1
+1 1
+2 1
-2 1
+2 1
5232 2

fn=(508) _int_free
4794 5
+15 1
-15 1
+15 1
+6 2
-21 1
+21 1
+1 2
+12 2
+13 5
+95 2
+21 3
+6 1
-10 1
+10 2
+8 3
+7 2
+1 1
-2 1
+2 2
+6 5
+4 2
+7 3
+65 2
+1 3
+3 4
-23 1
+1 2
+1 2
+23 6
+2 2
+32 2
-32 1
cfn=(510)
calls=1 3466 
* 40
4965 3
-2 2

fn=(506)
fi=(85)
92 2
fe=(63)
3692 1
+5 1
-5 3
+5 2
+1 2
+5 2
+6 1
-3 1
+3 2
+15 6
+12 19
+2 2
cfn=(508)
calls=1 4794 
* 119

fl=(71) /build/eglibc-B4_LNK/eglibc-2.13/misc/../ports/sysdeps/unix/sysv/linux/arm/brk.c
fn=(416) brk
29 8
+3 10
+2 2
-2 6
+2 2
+6 2
+1 2

fl=(53)
fn=(296) __internal_atexit
34 8
+1 4
-1 8
+1 4
cfn=(298) __new_exitfn
calls=4 +38 
* 278
+2 8
+10 4
-2 4
+3 4
-2 4
+1 4
+1 4

fn=(298)
73 4
+6 8
-6 4
+6 58
+2 16
+10 4
-10 4
+2 12
+1 15
-3 1
+10 1
-10 3
+13 6
+25 6
+1 6
+7 3
-1 3
+1 9
-1 3
+1 12
+3 24
-3 1
-1 1
+1 3
-1 1
+1 4
+3 50
+3 8
-35 2
+15 1
-1 1
+1 2
-19 2

fn=(294)
58 12
cfn=(296)
calls=4 -24 
* 334

fl=(65) /build/eglibc-B4_LNK/eglibc-2.13/malloc/arena.c
fn=(400) ptmalloc_init
475 1
-8 1
+8 1
-8 1
+8 1
-8 1
+8 1
-8 1
+8 1
631 2
410 1
+66 1
-66 2
+66 1
-64 2
-2 1
+3 1
+1 1
+1 1
cfi=(66)
cfn=(402)
calls=1 30 
* 8
519 1
-9 1
+9 1
-8 1
+8 2
415 1
519 1
+6 1
+2 1
-2 3
+2 1
cfi=(60)
cfn=(380)
calls=1 47 
* 4
* 2
+1 18
cfi=(68)
cfn=(406)
calls=1 117 
* 22
+13 2
-2 1
+2 1
-2 1
+2 1
-2 1
+2 1
+54 1
+2 1
-22 1
-9 1
+2 1
-8 1
+35 1
+2 1
-22 1
-9 1
+2 1
-8 2
380 3
+2 63
-2 63
622 2
+5 3
+1 2
+2 5
520 5
cfi=(67)
cfn=(404)
calls=1 127 
* 48326
* 2
+1 4
383 3
+1 3

fl=(70) /build/eglibc-B4_LNK/eglibc-2.13/misc/sbrk.c
fn=(414) sbrk
35 2
+8 2
-8 6
+8 13
+4 4
+4 3
+3 1
cfi=(71)
cfn=(416)
calls=1 -25 
* 16
* 1
+1 1
+3 4
-14 2
cfi=(71)
cfn=(416)
calls=1 -15 
* 16
* 3

fl=(72)
fn=(444)
420 1
-1 1
+1 1
-1 1
+1 1
cfn=(445) _IO_doallocbuf'2
calls=1 +2 
* 226

fn=(445)
fi=(73)
1002 4
+45 2
+4 6
+13 1
+4 2
+4 2
+7 1
-5 1
-2 3
+1 4
+1 2
-1 1
+1 2
+3 2
-3 1
+3 1
+2 1
-5 1
+5 6
cfn=(456)
calls=1 1222 
* 17
* 2
+1 3
+2 3
+4 9
cfn=(460)
calls=1 1209 
* 44
-88 4
+1 4
fe=(72)
422 3
+1 4
cfi=(78)
cfn=(446)
calls=1 103 
* 90

fn=(474)
fi=(73)
1409 2
+2 2
+1 2
+2 3
cfi=(84)
cfn=(480)
calls=1 60 
* 26
+1 4
+69 2
-39 2
fe=(72)
337 1
-2 1
+2 2
-2 1
+2 2
+6 3
+3 4
+2 3
+6 3
+7 4
cfi=(73)
cfn=(476)
calls=1 553 
* 89
-2 3

fn=(478)
188 2
-1 1
+1 1
-1 1
+1 1
+3 3
+5 1
-1 1
+1 1
-1 1
+2 1
+6 1
-4 1
+2 2
+2 1
+1 1
+1 1

fn=(488) _IO_un_link
65 3
-1 3
+1 3
-1 6
+1 3
+4 8
+1 2
cfi=(60)
cfn=(380)
calls=1 -23 
* 4
* 29
+2 1
-2 1
+2 1
-2 1
+1 1
-1 2
+2 31
+2 5
+2 2
+14 1
+2 1
-2 1
+2 7
+1 3
+1 1
-1 1
+1 28
+1 2
+3 6
-6 22
-12 1
-1 1
+1 1
-1 1
+1 4

fn=(418) _IO_no_init
648 4
+1 1
cfn=(420) _IO_old_init
calls=1 -13 
* 25
+3 1
-2 1
+2 1
+3 1
-1 1
+1 1
+1 1
+1 1
+1 1
+1 1
+1 1
+1 1
+1 1
+1 1
+1 1
+1 1
+2 2
+3 2
+1 1
cfi=(62)
cfn=(391) __fopen_internal'2
calls=1 88 
* 314

fn=(424)
105 2
-1 2
+1 2
-1 4
+1 2
+2 2
+2 8
+1 2
cfi=(60)
cfn=(380)
calls=1 -63 
* 4
* 29
+2 1
-2 1
+2 1
-2 1
+1 1
-1 2
+2 26
+4 1
-2 1
+2 1
-2 1
-2 1
+4 1
-2 1
-2 1
+4 1
+2 1
-6 1
+3 1
-1 1
+2 1
+2 4
+1 3
+1 1
-1 1
+1 28
+1 2
+3 4
-6 22

fn=(454) _IO_setb
fi=(73)
190 4
+1 3
+2 2
cfi=(72)
cfn=(488)
calls=1 65 
* 8
+1 1
+4 1
-4 1
+1 2
+1 2
+2 1
-2 1
+3 2
fe=(72)
404 4
+1 2
-1 2
+1 2
-1 4
+1 6
+4 1
+1 1
+2 1
-5 1
+1 1
+4 2
-6 8
cfi=(86)
cfn=(496)
calls=1 82 
* 15

fn=(502)
687 2
+2 3
+6 3
+3 3
+6 1
+6 1
-6 1
cfn=(488)
calls=1 65 
* 8

fn=(420)
636 1
-20 1
-1 1
+21 1
-21 2
+1 1
+1 1
+1 1
+1 1
+1 1
+1 1
+1 1
+1 1
+1 1
+1 1
+2 1
+1 1
+1 1
+1 1
+1 1
+6 4

fn=(470)
fi=(82)
984 1
fi=(83)
44 1
fi=(82)
984 2
+1 28
fi=(83)
46 2
+1 2
fe=(72)
498 2
+2 6
cfi=(73)
cfn=(472)
calls=2 1398 
* 239
+1 1

fn=(492)
fi=(73)
176 4
cfn=(494)
calls=1 1257 
* 9
+4 2
-4 1
+4 1
+9 5
cfi=(72)
cfn=(454)
calls=1 404 
* 62
fe=(72)
1118 2
+16 2
+3 3

fl=(69)
fn=(412)
48 2
+1 2
cfi=(70)
cfn=(414)
calls=2 -14 
* 74
+4 6

fl=(81)
fn=(458)
31 4
+5 16
-2 6
+3 4

fl=(43) /build/eglibc-B4_LNK/eglibc-2.13/csu/../sysdeps/unix/sysv/linux/init-first.c
fn=(220) _init
52 3
+6 1
-6 2
+6 1
-6 1
+6 2
+15 1
+16 1
-16 1
+16 1
-16 1
+1 3
+1 3
+24 2
-10 1
cfi=(44)
cfn=(222)
calls=1 -58 
* 195
-31 4
+9 8

fl=(46) /build/eglibc-B4_LNK/eglibc-2.13/string/strchr.c
fn=(226) index
46 2
-10 2
+6 2
+4 2
+3 6
+2 4
-18 2
+18 2
-2 6
+2 4
-3 4
-2 8
+31 2
+1 8
+70 2
+2 3
+2 2
+2 3
+2 2
+2 3
+2 2
-82 4
+46 2
+14 2
-14 2
+3 2
+11 6
-11 2
+3 4
+8 2
33 6
135 4
-11 2
+14 2
-14 2
+3 2
+11 6
-11 2
+3 4
+8 2
33 6
135 4
+11 2
33 2
146 5
+39 4

fl=(62)
fn=(388) fopen@@GLIBC_2.4
107 2
cfn=(390) __fopen_internal
calls=1 -39 
* 63466

fn=(390)
45 3
cob=(9)
cfi=(61)
cfn=(385)
calls=1 1324 
* 12297
+23 3
+8 1
-8 2
+8 1
cfi=(72)
cfn=(418)
calls=1 648 
* 365
cfi=(63)
cfn=(396)
calls=1 3615 
* 49822
cob=(1)
cfi=(50)
cfn=(266)
calls=1 -31 
* 972

fn=(391)
88 1
+1 1
-1 2
+1 1
cfi=(73)
cfn=(422)
calls=1 +64 
* 174
+4 5
cfi=(73)
cfn=(426)
calls=1 258 
* 130

fl=(59) /build/eglibc-B4_LNK/eglibc-2.13/setjmp/sigjmp.c
fn=(378) __sigjmp_save
30 1
-1 2
+1 2
+5 2

fl=(88) /build/eglibc-B4_LNK/eglibc-2.13/misc/../sysdeps/unix/sysv/linux/usleep.c
fn=(556) usleep
0 2
fi=(55)
cob=(9)
cfi=(55)
cfn=(552) TFT::setReset(bool)
calls=1 0 
0 29
0 2
fi=(55)
cfn=(557) usleep'2
calls=1 27 
0 58197
27 1
+1 1
-2 1
+1 1
-1 1
+1 1
-1 1
+2 1
-1 1
+1 2
+5 1
-5 1
+5 1
-6 1
+6 1
cfi=(89) /build/eglibc-B4_LNK/eglibc-2.13/posix/../sysdeps/unix/syscall-template.S
cfn=(558) nanosleep
calls=1 +49 
* 12

fn=(557)
0 2
fi=(55)
cob=(9)
cfi=(55)
cfn=(562) TFT::Write_SPI_Cmd(unsigned char)
calls=1 0 
0 58167
0 3
fi=(55)
cob=(9)
cfi=(55)
cfn=(571) TFT::Write_SPI_Reg(unsigned char, unsigned short)'2
calls=1 0 
0 15266
0 3
fi=(55)
cob=(9)
cfi=(55)
cfn=(571)
calls=1 0 
0 14292
0 3
fi=(55)
cob=(9)
cfi=(55)
cfn=(571)
calls=1 0 
0 13318
0 3
fi=(55)
cob=(9)
cfi=(55)
cfn=(571)
calls=1 0 
0 12344
0 3
fi=(55)
cob=(9)
cfi=(55)
cfn=(571)
calls=1 0 
0 9482
0 3
fi=(55)
cob=(9)
cfi=(55)
cfn=(571)
calls=1 0 
0 8508
27 7
+1 7
-2 7
+1 7
-1 7
+1 7
-1 7
+2 7
-1 7
+1 14
+5 7
-5 7
+5 7
-6 7
+6 7
cfi=(89)
cfn=(558)
calls=7 +49 
* 84

fl=(45)
fn=(224)
26 1
+3 1
+4 1
-7 1
+7 2
+7 1
-3 3
cfi=(46)
cfn=(226)
calls=1 +9 
* 110
* 3
cfi=(46)
cfn=(226)
calls=1 +9 
* 42
* 2
+3 2
-3 2
+7 2

fl=(80)
fn=(452)
fi=(78)
120 2
+1 5
cfi=(72)
cfn=(454)
calls=1 404 
* 16
+1 1
+1 2
fe=(80)
-88 2
+3 2
+1 2
+4 2
+3 2
+1 2
+1 2
+3 8
+4 2
+3 2
+4 2
+1 2
cob=(9)
cfi=(61)
cfn=(385)
calls=1 1287 
* 1397

fl=(60)
fn=(380)
47 10
+1 10
cob=(2) ???
cfi=(15) ???
cfn=(272) 0xffff0fe0
calls=10 -48 
* 20

fl=(76)
fn=(438) fseek
fi=(61)
1328 5
cfi=(83)
cfn=(468)
calls=1 37 
* 9197
cob=(1)
cfi=(50)
cfn=(266)
calls=1 45 
* 1366
fe=(76)
40 1
-3 2
+3 1
-3 3
+3 3
cfi=(60)
cfn=(380)
calls=1 +7 
* 4
* 28
+1 7
cfi=(77)
cfn=(440)
calls=1 +4 
* 330

fn=(439)
40 1
-3 2
+3 1
-3 3
+3 3
cfi=(60)
cfn=(380)
calls=1 +7 
* 4
* 22
+1 7
cfi=(77)
cfn=(440)
calls=1 +4 
* 122
fi=(82)
984 1
fe=(76)
41 6
fi=(82)
984 2
+1 22
fe=(76)
44 3

fl=(58)
fn=(376)
27 1
+3 1
+11 1
+1 1
+1 1
+1 1
+1 1
+7 1
+1 1
+6 1
+3 1
+1 1
+3 1
+1 1
+13 1
cfi=(59)
cfn=(378)
calls=1 -50 
* 7

fl=(64)
fn=(398)
35 1
+1 1
-1 3
+1 3
+1 1
cfi=(65)
cfn=(400)
calls=1 475 
* 48595
+1 1
+1 1
-1 1
cfi=(63)
cfn=(397)
calls=1 3615 
* 1200

fl=(87) /build/eglibc-B4_LNK/eglibc-2.13/posix/../sysdeps/unix/sysv/linux/i386/geteuid.c
fn=(514) geteuid
36 1
+4 2
+19 2

fl=(85)
fn=(486)
fi=(61)
1344 1
cfi=(74)
cfn=(430)
calls=1 82 
* 2826
cfi=(87)
cfn=(514)
calls=1 36 
* 5
cob=(1)
cfi=(50)
cfn=(266)
calls=2 45 
* 2884
fe=(85)
43 2
+14 4
+3 4
cfi=(60)
cfn=(380)
calls=1 -13 
* 4
* 30
+1 2
+1 2
cfi=(73)
cfn=(490)
calls=1 163 
* 1242
-4 1
cfi=(72)
cfn=(488)
calls=1 +7 
* 171
* 3

fl=(89)
fn=(558)
82 80
fi=(88)
-48 16
fe=(89)

fl=(79)
fn=(450)
46 1
+3 7
+33 2

ob=(9)
fl=(61)
fn=(538) bcm2835_spi_setBitOrder
563 1

fn=(528) bcm2835_gpio_fsel
215 14
-1 7
+1 7
-1 7
+1 14
+3 7
-3 7
+3 7
-2 7
+2 21
cfn=(530) bcm2835_peri_set_bits
calls=7 -35 
* 217

fn=(560) bcm2835_gpio_set
224 1118164
+2 1397705
cfn=(534) bcm2835_peri_write
calls=279541 -74 
* 2795410

fn=(530)
183 8386252
+1 2096563
cfn=(532) bcm2835_peri_read
calls=2096563 -71 
* 20965630
+1 4193126
+1 4193126
+1 2096563
-1 2096563
cfn=(534)
calls=2096563 -34 
* 20965620

fn=(540) bcm2835_spi_setDataMode
580 5
cfn=(530)
calls=1 183 
* 31

fn=(568) bcm2835_peri_read_nb
136 2795404
+1 5590808
+7 1397702
+2 1397702

fn=(536) bcm2835_peri_write_nb
167 698852
+1 698852
-1 698852
+1 1397704
+7 698852
-7 698852
547 2
+61 1397702
cfn=(568)
calls=698851 136 
* 5590808
* 1397702
+4 1397702
cfn=(568)
calls=698851 136 
* 5590808
+3 1397702
-3 698851
+3 1397702
cfn=(530)
calls=698851 183 
* 21664371
+3 1397700

fn=(384) bcm2835_init
0 1
fi=(55)
cfi=(55)
cfn=(524) TFT::SPI_Reset()
calls=1 0 
0 132310462
1306 1
-5 2
+5 3
+18 3
cob=(4)
cfi=(62)
cfn=(388)
calls=1 107 
* 63468
cob=(1)
cfi=(50)
cfn=(266)
calls=1 45 
* 1352

fn=(385)
1400 2
-76 2
+3 3
cob=(4)
cfi=(76)
cfn=(438)
calls=1 40 
* 10947
cob=(1)
cfi=(50)
cfn=(266)
calls=1 45 
* 1345
+20 2
-61 8
cob=(4)
cfi=(80)
cfn=(452)
calls=1 35 
* 1412
cob=(1)
cfi=(50)
cfn=(266)
calls=1 45 
* 1394
+1 1
-1 1
+1 1
+77 1
+2 1
+2 1
-6 1
+1 1
+1 1
+3 1
+1 1
+1 1
-14 1
+7 1
+1 1
+1 1
+1 1
+1 1
+1 1
+1 1
+1 2
+25 2
cob=(4)
cfi=(74)
cfn=(522)
calls=1 82 
* 14
cob=(1)
cfi=(50)
cfn=(266)
calls=1 45 
* 1359
* 2

fn=(544) bcm2835_spi_chipSelect
718 1
-3 1
+3 3
cfn=(530)
calls=1 183 
* 31

fn=(566) bcm2835_spi_transfer
0 279542
fi=(55)
cfn=(567) bcm2835_spi_transfer'2
calls=139771 586 
0 26696261
0 279540
fi=(55)
cfn=(567)
calls=139770 586 
0 49198835
586 279541
-1 279541
+10 279541
-9 279541
+9 279541
-10 279541
+10 559082
cfn=(530)
calls=279541 183 
* 8665771
+3 838623
-11 279541
+11 279541
cfn=(530)
calls=279541 183 
* 8665771
+3 559082
cfn=(532)
calls=279541 113 
* 2795410
* 559082
+4 838623
cfn=(536)
calls=279541 167 
* 18729247

fn=(567)
0 279542
fi=(55)
cfi=(55)
cfn=(564) TFT::setCS(bool)
calls=139771 0 
0 4053359
0 419309
fi=(55)
cfn=(567)
calls=139769 586 
0 26695879
0 279538
fi=(55)
cfi=(55)
cfn=(564)
calls=139769 0 
0 4053301
0 139769
586 419310
-1 419310
+10 419310
-9 419310
+9 419310
-10 419310
+10 838620
cfn=(530)
calls=419310 183 
* 12998610
+3 1257930
-11 419310
+11 419310
cfn=(530)
calls=419310 183 
* 12998610
+3 838620
cfn=(532)
calls=419310 113 
* 4193100
* 838620
+4 1257930
cfn=(536)
calls=419310 167 
* 28093758

fn=(542) bcm2835_spi_setClockDivider
572 1
-1 1
+1 1
+1 2
cfn=(534)
calls=1 152 
* 10

fn=(546) bcm2835_spi_setChipSelectPolarity
726 1
-2 1
+2 6
cfn=(530)
calls=1 183 
* 31

fn=(526) bcm2835_spi_begin
0 2
fi=(55)
cfn=(538)
calls=1 563 
0 1
0 2
fi=(55)
cfn=(540)
calls=1 580 
0 36
0 2
fi=(55)
cfn=(542)
calls=1 572 
0 15
0 2
fi=(55)
cfn=(544)
calls=1 718 
0 36
0 3
fi=(55)
cfn=(546)
calls=1 726 
0 39
0 3
fi=(55)
cfn=(528)
calls=1 215 
0 45
0 3
fi=(55)
cfn=(548) bcm2835_gpio_write
calls=1 476 
0 22
0 3
fi=(55)
cfn=(528)
calls=1 215 
0 45
0 2
fi=(55)
cfi=(55)
cfn=(552)
calls=1 0 
0 29
0 2
fi=(55)
cob=(4)
cfi=(88)
cfn=(556)
calls=1 27 
0 58258
cob=(1)
cfi=(50)
cfn=(266)
calls=1 45 
0 1410
527 1
+3 4
+4 3
cfn=(528)
calls=1 215 
* 45
+1 3
cfn=(528)
calls=1 215 
* 45
+1 3
cfn=(528)
calls=1 215 
* 45
+1 3
cfn=(528)
calls=1 215 
* 45
+1 3
cfn=(528)
calls=1 215 
* 45
+3 1
+1 3
cfn=(534)
calls=1 152 
* 10
+3 3
cfn=(536)
calls=1 167 
* 9

fn=(532)
113 5590828
+2 11181656
+7 2795414
+1 2795414
+1 2795414
+3 2795414

fn=(550) bcm2835_gpio_clr
232 1118172
+2 1397715
cfn=(534)
calls=279543 -82 
* 2795430

fn=(534)
152 2655648
+1 2655648
-1 2655648
+1 7966944
+6 2655648
+1 2655648
+1 2655648
+2 2655648

fn=(548)
476 1118168
+3 279543
cfn=(550)
calls=279543 232 
* 5311317
-2 279541
cfn=(560)
calls=279541 224 
* 5311279

fl=(55)
fn=(360)
0 10
cob=(2)
cfi=(15)
cfn=(362) 0x00008740
calls=1 0 
0 36
fi=(56)
207 6
+15 2
+9 2
cob=(4)
cfi=(57)
cfn=(374)
calls=1 27 
* 24
+1 2
+2 1
cob=(4)
cfi=(60)
cfn=(380)
calls=1 47 
* 4
+10 1
-6 1
-1 1
+1 1
+6 1
-7 1
+4 2
+3 6
cfi=(55)
cfn=(382) main
calls=1 0 
* 132375295
fe=(55)

fn=(361) __libc_csu_init'2
0 7
cfn=(368) 0x00008950
calls=1 0 
0 18

fn=(524)
0 28
cfn=(574) TFT::draw_pixel(unsigned short, unsigned short, unsigned short)
calls=1 0 
0 132250197
0 6
cfi=(61)
cfn=(526)
calls=1 527 
0 60231

fn=(364) 0x0000888c
0 6
cob=(2)
cfi=(15)
cfn=(366) 0x00008748
calls=1 0 
0 1

fn=(562)
0 558840
cfn=(564)
calls=139710 0 
0 4051590
0 279420
cfi=(61)
cfn=(566)
calls=139710 586 
0 49177920
0 223536
cfn=(572) TFT::Write_SPI_Dat(unsigned short)
calls=111768 0 
0 61360426
0 3
cfn=(570) TFT::Write_SPI_Reg(unsigned char, unsigned short)
calls=1 0 
0 57777
0 55882
cfn=(572)
calls=27941 0 
0 15339609

fn=(563) TFT::Write_SPI_Cmd(unsigned char)'2
0 244
cfn=(564)
calls=61 0 
0 1769
0 122
cfi=(61)
cfn=(566)
calls=61 586 
0 21472
0 122
cfn=(572)
calls=61 0 
0 33489

fn=(564)
0 3354486
cfi=(61)
cfn=(548)
calls=559081 476 
0 12299782
0 559081

fn=(570)
0 83829
cfn=(562)
calls=27942 0 
0 26209596
cfn=(563)
calls=1 0 
0 938
0 3
cfn=(571)
calls=1 0 
0 56833
0 83826
cfn=(571)
calls=27942 0 
0 105312252

fn=(571)
0 251658
cfn=(562)
calls=83826 0 
0 78628582
cfn=(563)
calls=60 0 
0 56280
0 3
cfn=(571)
calls=1 0 
0 55889
0 3
cfn=(571)
calls=1 0 
0 54945
0 3
cfn=(571)
calls=1 0 
0 54001
0 3
cfn=(571)
calls=1 0 
0 53057
0 3
cfn=(571)
calls=1 0 
0 52113
0 3
cfn=(571)
calls=1 0 
0 51169
0 3
cfn=(571)
calls=1 0 
0 50225
0 3
cfn=(571)
calls=1 0 
0 49281
0 3
cfn=(571)
calls=1 0 
0 48337
0 3
cfn=(571)
calls=1 0 
0 47393
0 3
cfn=(571)
calls=1 0 
0 46449
0 3
cfn=(571)
calls=1 0 
0 45505
0 3
cfn=(571)
calls=1 0 
0 44561
0 3
cfn=(571)
calls=1 0 
0 43617
0 3
cfn=(571)
calls=1 0 
0 42673
0 3
cfn=(571)
calls=1 0 
0 41729
0 3
cfn=(571)
calls=1 0 
0 40785
0 3
cfn=(571)
calls=1 0 
0 39841
0 3
cfn=(571)
calls=1 0 
0 38897
0 3
cfn=(571)
calls=1 0 
0 37953
0 3
cfn=(571)
calls=1 0 
0 37009
0 3
cfn=(571)
calls=1 0 
0 36065
0 3
cfn=(571)
calls=1 0 
0 35121
0 3
cfn=(571)
calls=1 0 
0 34177
0 3
cfn=(571)
calls=1 0 
0 33233
0 3
cfn=(571)
calls=1 0 
0 32289
0 3
cfn=(571)
calls=1 0 
0 31345
0 3
cfn=(571)
calls=1 0 
0 30401
0 3
cfn=(571)
calls=1 0 
0 29457
0 3
cfn=(571)
calls=1 0 
0 28513
0 3
cfn=(571)
calls=1 0 
0 27569
0 3
cfn=(571)
calls=1 0 
0 26625
0 3
cfn=(571)
calls=1 0 
0 25681
0 3
cfn=(571)
calls=1 0 
0 24737
0 3
cfn=(571)
calls=1 0 
0 23793
0 3
cfn=(571)
calls=1 0 
0 22849
0 3
cfn=(571)
calls=1 0 
0 21905
0 3
cfn=(571)
calls=1 0 
0 20961
0 3
cfn=(571)
calls=1 0 
0 20017
0 3
cfn=(571)
calls=1 0 
0 19073
0 3
cfn=(571)
calls=1 0 
0 18129
0 3
cfn=(571)
calls=1 0 
0 17185
0 3
cfn=(571)
calls=1 0 
0 16241
0 3
cob=(4)
cfi=(88)
cfn=(557)
calls=1 27 
0 15297
0 2
cob=(4)
cfi=(88)
cfn=(557)
calls=1 27 
0 14323
0 2
cob=(4)
cfi=(88)
cfn=(557)
calls=1 27 
0 13349
0 2
cob=(4)
cfi=(88)
cfn=(557)
calls=1 27 
0 12375
0 3
cfn=(571)
calls=1 0 
0 11400
0 3
cfn=(571)
calls=1 0 
0 10456
0 2
cob=(4)
cfi=(88)
cfn=(557)
calls=1 27 
0 9513
0 2
cob=(4)
cfi=(88)
cfn=(557)
calls=1 27 
0 8539
0 4
cfn=(571)
calls=1 0 
0 7563
0 4
cfn=(571)
calls=1 0 
0 6618
0 6
cfn=(571)
calls=1 0 
0 5671
0 6
cfn=(571)
calls=1 0 
0 4724
0 3
cfn=(571)
calls=1 0 
0 3780
0 4
cfn=(571)
calls=1 0 
0 2835
0 5
cfn=(571)
calls=1 0 
0 1889
0 6
cfn=(571)
calls=1 0 
0 942
0 83827
cfn=(571)
calls=27942 0 
0 78935004
0 83826
cfn=(571)
calls=27942 0 
0 52557756
0 55882
cfn=(562)
calls=27941 0 
0 26208658

fn=(552)
0 12
cfi=(61)
cfn=(548)
calls=2 476 
0 44
0 2

fn=(382)
0 3
cfi=(61)
cfn=(384)
calls=1 1306 
0 132375292

fn=(574)
0 9
cfn=(575) TFT::draw_pixel(unsigned short, unsigned short, unsigned short)'2
calls=1 0 
0 132245464
0 11
cfn=(570)
calls=1 0 
0 4713

fn=(575)
0 242730
cfn=(575)
calls=19198 0 
0 1666585952339
0 8742
cfn=(575)
calls=8742 0 
0 180867076551
0 309205
cfn=(570)
calls=27941 0 
0 131684787

fn=(368)
0 18

fn=(352) 0x00008850
0 11
cob=(4)
cfi=(56)
cfn=(358)
calls=1 102 
0 132375517
cob=(1)
cfi=(50)
cfn=(266)
calls=1 45 
0 1683

fn=(572)
0 559080
cfn=(564)
calls=139770 0 
0 4053330
0 279540
cfi=(61)
cfn=(566)
calls=139770 586 
0 71701805
0 139769

ob=(1)
fl=(13) /build/eglibc-B4_LNK/eglibc-2.13/string/memcmp.c
fn=(32) bcmp
329 26
-7 26
+3 26
-3 26
+7 26
+4 27
+16 9
+1 9
-1 9
136 35
+56 3
-2 3
+1 3
+1 3
-74 6
353 12
+4 6
+2 3
-1 3
+5 3
+12 3
-12 20
+12 17
-12 17
+2 17
+1 17
+4 17
-52 34
+52 18
-5 112
+1 112
+4 224
-7 254
+12 15
+1 78
156 8
+1 8
349 8
180 8
-2 8
+1 8
+1 9
-2 1
+1 1
+1 1
+6 9
-2 9
+1 9
+1 15
-80 6
+80 12
-74 6
+1 6
+4 18
+43 1
+1 1
-1 1
+3 1
+1 1
+10 1
-2 1
+1 1
+1 1
+25 3
-4 3
+1 3
+3 3
+5 6

fl=(23) /build/eglibc-B4_LNK/eglibc-2.13/misc/../ports/sysdeps/unix/sysv/linux/arm/mmap.S
fn=(70) mmap
fi=(20) /build/eglibc-B4_LNK/eglibc-2.13/elf/dl-load.c
1283 6
-4 6
+4 6
+8 6
+2 6
-3 6
+3 6
-2 6
-1 6
+1 6
+2 6
+6 42
cfi=(31) /build/eglibc-B4_LNK/eglibc-2.13/misc/../sysdeps/unix/syscall-template.S
cfn=(118) mprotect
calls=6 82 
* 2469
fi=(28) /build/eglibc-B4_LNK/eglibc-2.13/elf/dl-misc.c
68 4
cfi=(21) /build/eglibc-B4_LNK/eglibc-2.13/io/../sysdeps/unix/syscall-template.S
cfn=(124) close
calls=2 +14 
* 18
-11 4
fi=(16) /build/eglibc-B4_LNK/eglibc-2.13/elf/dl-minimal.c
+24 5
-2 5
+3 5
-1 5
+2 5
+2 5
-2 15
+2 5
-2 6
+2 3
+3 3
+1 1
+2 2
-8 4
+2 12
+3 12
+1 4
+2 8
fe=(23)
-56 13
+3 13
+1 13
+4 13
+3 13
+1 13
+1 13
+3 52
+4 13
+3 13
+4 13
+1 13

fn=(71) mmap'2
fi=(20)
1338 12
+1 6
* 6
* 12
+2 18
+7 24
+8 6
-2 6
+2 6
-2 6
+2 6
-1 6
+1 6
+1 6
-1 30
+8 12
+3 12
+11 30
cfi=(32) /build/eglibc-B4_LNK/eglibc-2.13/string/../ports/sysdeps/arm/memset.S
cfn=(120) memset
calls=6 25 
* 1689
+1 24
+5 12
+15 6
-73 30
+4 12
+73 6
-77 6
+77 12
-15 16
cfi=(23)
cfn=(71)
calls=2 35 
* 54
+3 4
fe=(23)
35 8
+3 8
+1 8
+4 8
+3 8
+1 8
+1 8
+3 32
+4 8
+3 8
+4 8
+1 8

fl=(40) /build/eglibc-B4_LNK/eglibc-2.13/elf/dl-reloc.c
fn=(188) _dl_protect_relro
340 5
-2 10
+2 5
-1 10
+1 5
+1 5
-2 5
+1 5
+1 10
-2 5
+5 10
cfn=(189) _dl_protect_relro'2
calls=5 +1 
* 65

fn=(189)
345 15
cfi=(31)
cfn=(118)
calls=5 82 
* 40
-12 10

fn=(174) _dl_relocate_object
fi=(2)
2253 4
+2 4
+6 4
+1 18
cfi=(40)
cfn=(175) _dl_relocate_object'2
calls=2 158 
* 1190435
+4 11
+1 2
cfi=(37) /build/eglibc-B4_LNK/eglibc-2.13/elf/dl-tls.c
cfn=(190) _dl_add_to_slotinfo
calls=1 817 
* 19
+2 2
+2 4
fe=(40)
158 4
+14 1
-4 1
-10 4
+10 1
+4 1
+1 7
+6 5
+6 3
+4 5
+8 2
-32 1
+32 1
+45 1
fi=(3) /build/eglibc-B4_LNK/eglibc-2.13/elf/../ports/sysdeps/arm/dl-machine.h
94 2
fe=(40)
242 1
fi=(3)
94 4
fe=(40)
242 1
fi=(3)
94 1
fe=(40)
268 21
fi=(3)
413 13
fe=(40)
268 2
156 2
fi=(3)
413 6
fi=(5) /build/eglibc-B4_LNK/eglibc-2.13/elf/do-rel.h
65 1
-8 1
+1 1
+7 4
-8 1
+1 1
+7 3
+3 2
fi=(3)
606 1
-1 1
+3 2
-3 1
fe=(40)
156 2
fi=(3)
605 27
+1 9
+2 27
+2 9
fe=(40)
156 9
fi=(3)
610 9
+1 18
fi=(5)
68 9
fi=(3)
613 9
fi=(5)
68 9
fi=(3)
610 1
fe=(40)
156 1
fi=(3)
610 1
+1 2
fi=(5)
68 1
fi=(3)
613 1
fi=(5)
68 3
fe=(40)
268 32
fi=(3)
515 1
fi=(5)
91 1
fi=(3)
515 1
fi=(5)
91 1
fi=(3)
515 2
fi=(5)
91 3
fi=(3)
515 1
fi=(5)
91 1
fi=(3)
515 1
fi=(5)
75 1
+1 1
-18 1
+19 1
-20 1
+1 1
+16 1
+3 1
-2 1
+1 1
-18 1
+19 1
-20 1
+1 1
+16 1
+3 1
+14 2
-12 2
+12 4
+10 4
+3 4
+7 2
+6 2
-6 4
+3 2
+3 2
-3 2
+3 2
+10 4
fe=(40)
268 2
fi=(5)
127 2
fe=(40)
268 2
+3 3
+40 1
+3 1
-3 1
+3 1
-3 1
+3 1
+17 3
+1 2
cfn=(188)
calls=1 +8 
* 28
fi=(5)
75 1
+1 1
+1 1
-3 1
+3 7
+14 1
-12 1
+12 5
+7 2
+13 3
+3 1
+3 1
-3 1
+3 1
fi=(3)
383 5
fi=(5)
122 1
-3 1
+2 1
-2 1
fi=(3)
340 1
fi=(5)
119 1
+1 1
-1 1
+3 1
fi=(3)
343 1
fi=(5)
122 1
-2 1
fi=(3)
343 1
fi=(5)
122 83
-3 83
+2 83
-2 83
fi=(3)
340 83
fi=(5)
119 83
+1 83
-1 83
+3 83
fi=(3)
343 83
fi=(5)
122 83
-2 83
fi=(3)
343 83
+17 168
+7 1173
fi=(5)
119 69
fi=(3)
367 1518
cfi=(7) /build/eglibc-B4_LNK/eglibc-2.13/elf/dl-lookup.c
cfn=(180) _dl_lookup_symbol_x
calls=69 706 
* 62540
* 276
+1 411
+2 204
-2 90
+2 45
-2 1
* 1
* 1
+2 87
101 1
+14 1
-14 1
+4 2
+1 1
* 2
+9 1
-8 1
+8 1
fe=(40)
+71 1
+1 5
fi=(3)
399 63
fi=(5)
117 337
fi=(3)
464 33
+2 33
+1 66
-13 2
+1 6
-42 16
fe=(40)
156 8
* 8
* 8
* 8
fi=(3)
419 8
+2 32
128 4
fe=(40)
268 12
fi=(5)
104 2
+1 1187
-1 1187
fi=(3)
586 3561
fi=(5)
104 1188
fe=(40)
268 12
fi=(3)
+99 72
fe=(40)

fn=(175)
fi=(2)
2253 8
+2 8
+6 8
+1 36
cfi=(40)
cfn=(175)
calls=4 158 
* 1191487
+4 20
+1 2
cfi=(37)
cfn=(190)
calls=1 817 
* 19
+2 5
+2 10
+9 5
+9 7
+1 3
+5 2
cfi=(37)
cfn=(198) _dl_allocate_tls_init
calls=1 377 
* 242
+4 5
+9 8
+2 5
+33 1
-4 1
cfi=(8) /build/eglibc-B4_LNK/eglibc-2.13/elf/../elf/dl-sysdep.c
cfn=(200) _dl_sysdep_start_cleanup
calls=1 252 
* 1
+4 4
+20 3
cfi=(25) /build/eglibc-B4_LNK/eglibc-2.13/elf/dl-debug.c
cfn=(78) _dl_debug_initialize
calls=1 49 
* 19
+1 2
+1 1
cfi=(25)
cfn=(80) _dl_debug_state
calls=1 77 
* 1
+4 1
cfi=(36) /build/eglibc-B4_LNK/eglibc-2.13/elf/dl-cache.c
cfn=(202) _dl_unload_cache
calls=1 309 
* 20
-42 1
+1 2
-1 2
+1 4
cfi=(40)
cfn=(175)
calls=1 158 
* 7941
* 1
fe=(40)
158 28
+14 7
-4 7
-10 28
+10 7
+4 7
+1 49
+6 35
+6 21
+4 35
+8 14
-32 7
+32 7
+45 7
fi=(3)
94 14
fe=(40)
242 7
fi=(3)
94 28
fe=(40)
242 7
fi=(3)
94 7
fe=(40)
268 147
fi=(3)
413 91
fe=(40)
268 14
156 14
fi=(3)
413 42
fi=(5)
65 7
-8 7
+1 7
+7 27
-8 6
+1 6
+7 18
+3 12
fi=(3)
606 5
-1 5
+3 10
-3 5
fe=(40)
156 10
fi=(3)
605 249
+1 83
+2 249
+2 83
fe=(40)
156 83
fi=(3)
610 83
+1 166
fi=(5)
68 83
fi=(3)
613 83
fi=(5)
68 83
fi=(3)
610 5
fe=(40)
156 5
fi=(3)
610 5
+1 10
fi=(5)
68 5
fi=(3)
613 5
fi=(5)
68 16
fe=(40)
268 192
fi=(3)
515 6
fi=(5)
91 6
fi=(3)
515 6
fi=(5)
91 6
fi=(3)
515 12
fi=(5)
91 18
fi=(3)
515 6
fi=(5)
91 6
fi=(3)
515 6
fi=(5)
75 6
+1 6
-18 6
+19 6
-20 6
+1 6
+16 6
+3 6
-2 6
+1 6
-18 6
+19 6
-20 6
+1 6
+16 6
+3 6
+14 12
-12 12
+12 24
+10 20
+3 20
+7 12
+6 12
-6 24
+3 10
+3 10
-3 10
+3 10
+10 24
fe=(40)
268 12
fi=(5)
127 12
fe=(40)
268 12
+3 18
+40 6
+3 6
-3 6
+3 6
-3 6
+3 6
+17 18
+1 6
cfn=(188)
calls=3 +8 
* 84
+1 6
fi=(5)
75 7
+1 7
+1 7
-3 7
+3 43
+14 6
-12 6
+12 31
-12 1
+12 5
+7 12
+13 21
+3 6
+3 6
-3 6
+3 6
fi=(3)
383 30
fi=(5)
122 6
-3 6
+2 6
-2 6
fi=(3)
340 6
fi=(5)
119 6
+1 6
-1 6
+3 6
fi=(3)
343 6
fi=(5)
122 6
-2 6
fi=(3)
343 6
fi=(5)
122 673
-3 673
+2 673
-2 673
fi=(3)
340 673
fi=(5)
119 673
+1 673
-1 673
+3 673
fi=(3)
343 673
fi=(5)
122 673
-2 673
fi=(3)
343 673
+17 1358
+7 7284
fi=(5)
119 279
fi=(3)
367 1958
fi=(5)
119 5
fi=(3)
367 4295
cfi=(7)
cfn=(180)
calls=284 706 
* 1129942
* 1132
+1 1668
+2 819
-2 2370
+2 1185
-2 10
* 10
* 10
+2 708
101 6
+14 6
-14 6
+4 12
+1 6
* 12
+9 6
-8 6
+8 6
fe=(40)
+71 7
+1 35
fi=(3)
399 52
fi=(5)
117 2717
fi=(3)
373 3
+4 4
+1 5
+10 5
cfi=(6) /build/eglibc-B4_LNK/eglibc-2.13/string/../ports/sysdeps/arm/memcpy.S
cfn=(12) memcpy
calls=1 60 
* 26
* 1
+25 1250
fe=(40)
156 625
* 625
* 625
* 625
fi=(3)
419 625
+2 2500
128 24
fe=(40)
268 79
fi=(5)
104 10
+1 548
-1 548
fi=(3)
586 1644
fi=(5)
104 553
-3 8
fe=(40)
268 36
fi=(5)
127 2
fi=(3)
383 5
fi=(5)
129 2
-1 1
fi=(3)
340 1
fi=(5)
128 1
fi=(3)
343 1
fi=(5)
129 1
-1 1
fi=(3)
343 1
fi=(5)
129 4
-1 2
fi=(3)
340 2
fi=(5)
128 2
fi=(3)
343 2
fi=(5)
129 2
-1 2
fi=(3)
343 2
+17 6
+7 102
cfi=(7)
cfn=(180)
calls=3 706 
* 2125
* 12
+1 12
+2 3
-2 2
* 2
* 2
+2 9
+29 3
fi=(5)
127 17
fe=(40)
268 41
fi=(3)
+99 9480
fe=(40)

fl=(17) /build/eglibc-B4_LNK/eglibc-2.13/string/strcmp.c
fn=(54) strcmp
38 1964
+1 1964
+1 3928
+3 3928
cfn=(55) strcmp'2
calls=1503 -5 
* 87854
+2 461
+1 461

fn=(55)
38 14573
+1 14573
+1 29146
+3 26556
cfn=(55)
calls=13070 -5 
* 431692
+2 208
+1 208
-5 2590

fl=(10) /build/eglibc-B4_LNK/eglibc-2.13/string/../ports/sysdeps/arm/strlen.S
fn=(22) strlen
28 41
+1 41
+1 41
+1 41
+1 41
+9 26
+1 26
+1 26
+1 26
+1 26
+3 26
+1 26
+1 26
+1 26
+1 26
+1 26
+1 20
-6 199
+1 199
+1 199
+1 199
+1 199
+1 199
+1 205
+10 41
+1 41
+1 41
+1 41
+1 41
+1 41
+2 41

fl=(9) /build/eglibc-B4_LNK/eglibc-2.13/elf/../ports/sysdeps/unix/sysv/linux/arm/brk.c
fn=(18) brk
29 2
+3 4
+2 1
-2 3
+8 1
-6 1
+7 2

fl=(26) /build/eglibc-B4_LNK/eglibc-2.13/elf/dl-error.c
fn=(150) _dl_receive_error
fi=(2)
1884 1
+1 1
-1 1
+1 1
-1 2
+1 1
728 2
+4 1
-4 1
+4 1
-4 1
+4 2
cfn=(160) init_tls.part.6
calls=1 -7 
* 1267386
fe=(26)
199 1
-1 1
+1 1
-1 1
+1 1
-1 2
+1 1
cfi=(2)
cfn=(86) _dl_initial_error_catch_tsd
calls=1 802 
* 3
+5 1
+3 1
-3 2
+4 1
-5 1
-4 1
+8 1
+3 2
cfi=(2)
cfn=(152) version_check_doit
calls=1 666 
* 9109

fn=(84) _dl_catch_error
fi=(2)
821 6
-14 6
+28 4
fi=(34) /build/eglibc-B4_LNK/eglibc-2.13/elf/dl-deps.c
236 2
+6 6
cfi=(24) /build/eglibc-B4_LNK/eglibc-2.13/string/strchr.c
cfn=(72) index
calls=1 46 
* 87
* 3
+5 1
-3 1
+3 7
cfi=(26)
cfn=(85) _dl_catch_error'2
calls=1 -76 
* 28597
+2 3
+15 1
+2 3
+19 1
+1 1
* 1
457 1
235 3
+44 1
-2 1
-6 2
+8 1
-3 1
+3 1
-5 1
+3 1
-2 1
+6 6
fe=(26)
171 3
-11 3
+11 3
-11 3
+9 3
-9 6
+9 3
+2 3
-11 6
+11 3
cfi=(2)
cfn=(86)
calls=3 802 
* 9
+3 3
-2 3
-1 3
+3 3
-2 3
+2 3
cfi=(27) /build/eglibc-B4_LNK/eglibc-2.13/setjmp/../ports/sysdeps/arm/eabi/setjmp.S
cfn=(88) __sigsetjmp
calls=3 27 
* 57
+1 6
+2 6
+1 3
-1 3
+1 6
cfi=(34)
cfn=(134) openaux
calls=1 62 
* 10503
cfi=(2)
cfn=(92) map_doit
calls=2 634 
* 7226

fn=(85)
fi=(34)
236 50
+6 12
cfi=(24)
cfn=(72)
calls=2 46 
* 186
* 6
+5 2
-3 2
+3 14
cfi=(26)
cfn=(85)
calls=2 -76 
* 39529
+2 9
+15 3
+2 9
+19 3
+1 3
* 3
457 3
235 9
457 23
235 69
466 4
+2 2
+3 1
-3 1
+2 2
cfi=(6)
cfn=(12)
calls=1 60 
* 9983
cfi=(16)
cfn=(42) malloc
calls=1 95 
* 31
+14 5
+2 1
+1 6
208 1
+5 1
-5 1
+5 1
+4 2
-8 1
+8 1
+1 1
-1 1
+1 10
+1 5
+3 1
-3 1
+3 1
-3 1
+3 8
+57 3
-2 3
-6 6
+8 3
-3 3
+3 3
-5 3
+3 3
-2 3
+6 18
+7 69
fe=(26)
171 12
-11 12
+11 12
-11 12
+9 12
-9 24
+9 12
+2 12
-11 24
+11 12
cfi=(2)
cfn=(86)
calls=12 802 
* 36
+3 12
-2 12
-1 12
+3 12
-2 12
+2 12
cfi=(27)
cfn=(88)
calls=12 27 
* 228
+1 24
+2 24
+1 12
-1 12
+1 24
cfi=(34)
cfn=(134)
calls=12 62 
* 23185
+1 18
+1 9
-1 9
+2 9
+1 9
-2 9
+1 9
+1 9
+10 27

fl=(7)
fn=(182) do_lookup_x
83 3720
-5 2480
+5 1240
-5 2480
+5 1240
-5 2480
+5 1240
+1 1240
-1 4960
-5 2480
+36 1240
-36 1240
+37 1240
292 1240
114 1240
231 1240
78 1240
292 1240
115 1240
292 1240
115 1240
-16 1240
-3 2480
+3 1240
-2 1240
+5 1240
-3 1240
+3 1240
-3 4092
-3 8184
+3 4092
-2 4092
+5 4092
-3 4092
+3 4092
+4 16017
+4 26655
+4 15993
+7 15993
+5 5331
-1 5331
227 5331
126 5331
-1 5331
228 5331
125 5331
+1 5331
228 5331
+4 5331
+3 5331
-3 5331
+2 5331
-4 5331
+5 5331
+3 5331
-3 5331
+4 5331
-1 10662
+21 8220
+24 12330
452 36522
+1 296
cfi=(28)
cfn=(96) _dl_name_match_p
calls=148 301 
* 6622
* 296
+3 12330
+3 18
+1 2474
283 1
+2 2
+3 8584
+17 2344
+1 1172
-1 1172
+1 1172
+1 2344
-2 94
+1 47
-1 47
+1 47
+1 94
+26 350
+3 50
-3 100
+3 100
cfi=(2)
cfn=(50)
calls=50 842 
* 200
+2 100
+2 50
-1 50
+1 100
+2 147
cfi=(1) ???
cfn=(184) __aeabi_uidivmod
calls=49 0 
* 5091
+1 49
-1 49
+1 98
cfi=(1)
cfn=(184)
calls=49 0 
* 5091
* 98
78 49
343 49
78 148
343 50
78 100
355 276
+4 89
-4 178
+4 128
-12 39
-1 78
+1 99
-1 198
+14 100
-68 2264
+71 196
+63 47
-1 47
+1 47
-1 47
+1 235
-1 47
+13 47
+2 47
-2 94
+2 188
cfi=(2)
cfn=(52)
calls=47 848 
* 188
+2 47
-12 235
cfn=(192) enter.8447
calls=47 317 
* 11657
+3 188
+3 188
-66 4
cfi=(28)
cfn=(194) _dl_higher_prime_number
calls=2 -12 
* 124
+1 2
-1 2
+1 4
cfn=(192)
calls=1 -54 
* 11423
cfi=(16)
cfn=(38) calloc
calls=2 111 
* 6466
+35 2
+10 3
cfn=(192)
calls=1 -99 
* 259
cfi=(16)
cfn=(38)
calls=1 111 
* 45
242 2954
cfi=(1)
cfn=(184)
calls=1477 0 
* 136656
-1 2954
+2 2954
+2 4332
+10 8382
-7 16060
+2 1232
+1 2464
-1 4928
+1 2464
cfn=(186) check_match.8399
calls=1232 133 
* 152472
+1 3685
732 6
-5 3
+33 6
+23 9
+1 21
+35 12
+14 3
+3 3
-3 3
+3 3
-2 6
+2 18
+5 3
+2 9

fn=(183) do_lookup_x'2
460 2
305 2
+1 1
-1 1
+1 1
+1 2
438 1
+2 1
-2 2
+2 4
cfi=(2)
cfn=(52)
calls=1 848 
* 4
+2 1
-9 4
+3 4
-55 180
+1 360
cfn=(193) enter.8447'2
calls=45 -65 
* 10117
-2 244
+6 3
cfi=(16)
cfn=(196) free
calls=1 121 
* 290

fn=(186)
133 2464
+1 1232
+2 1232
-3 1232
+1 1232
+2 7392
+2 6110
-2 2444
+12 4888
+3 3841
cfi=(17)
cfn=(54)
calls=35 38 
* 2232
* 70
+4 1222
+1 2444
-1 1222
+1 1222
+2 2440
+19 1220
+1 2440
-1 3660
+1 6100
+46 24
-45 3660
cfi=(17)
cfn=(54)
calls=1220 38 
* 87516
* 2440
+45 2440
-18 4
+2 2
+1 2
-1 2
+1 2
-1 2
+1 4
-1 6
+4 2
+1 3
+2 1
-2 1
+4 1
-4 1
-30 20

fn=(192)
317 148
+1 74
-1 222
+1 74
cfi=(1)
cfn=(184)
calls=74 0 
* 7653
+1 74
-1 74
+1 148
cfi=(1)
cfn=(184)
calls=74 0 
* 7653
* 148
-5 250
+9 87
-1 87
+1 87
-3 161
+2 161
-2 322
+9 74
-1 74
+1 74
+1 148
+1 74
cfn=(183)
calls=1 +49 
* 11194
cfn=(183)
calls=1 433 
* 30
-7 102

fn=(193)
317 92
+1 46
-1 138
+1 46
cfi=(1)
cfn=(184)
calls=46 0 
* 4569
+1 46
-1 46
+1 92
cfi=(1)
cfn=(184)
calls=46 0 
* 4569
* 92
-5 100
+9 6
-1 6
+1 6
-3 52
+2 52
-2 104
+9 46
-1 46
+1 46
+1 92
+1 46
-7 8

fn=(14) _dl_setup_hash
851 8
+4 24
+4 8
+4 16
+2 8
-1 8
+3 24
+2 8
+3 8
+3 8
-7 8
+1 8
+7 8
-7 8
+2 8
+3 8
+2 8
+1 8

fn=(180)
706 1496
467 374
706 748
467 374
706 374
466 374
706 748
467 748
+1 748
-1 1122
+1 16786
-1 25179
712 374
-3 374
+3 374
-4 374
+4 374
+4 374
-4 374
-4 374
+1 748
+3 374
+4 1451
+5 1122
-1 374
+1 374
+6 2244
+8 52
-8 39
+2 5236
cfn=(182)
calls=374 83 
* 228806
+3 746
-5 373
+33 746
+23 1080
+1 2520
+35 1440
+14 360
+3 360
-3 360
+3 360
-2 720
+2 2160
+5 360
+2 1119
-81 91
+17 26
+1 13
fi=(5)
122 1304
-3 1304
+2 1304
-2 1304
fi=(3)
340 1304
fi=(5)
119 1304
+1 1304
-1 1304
+3 1304
fi=(3)
343 1304
fi=(5)
122 1304
-2 1304
fi=(3)
343 1304
+17 2608
+7 15569
fi=(5)
119 716
fi=(3)
367 15752
cfi=(7)
cfn=(181) _dl_lookup_symbol_x'2
calls=716 706 
* 809157
* 2864
+1 4296
+2 2148
-2 3528
+2 3068
+29 112
fi=(5)
117 5216
fi=(3)
454 1
+1 3
-42 2382
fi=(40)
156 1191
* 1191
* 1191
* 1191
fi=(3)
419 1191
+2 4764
-54 14088
fe=(7)

fn=(181)
706 3464
467 866
706 1732
467 866
706 866
466 866
706 1732
467 1732
+1 1732
-1 2598
+1 75424
-1 113136
712 866
-3 866
+3 866
-4 866
+4 866
+4 866
-4 866
-4 866
+1 1732
+3 866
+4 3449
+5 2598
-1 866
+1 866
+6 5196
+8 20
-8 15
+2 12124
cfn=(182)
calls=866 83 
* 517645
+3 1728
-5 864
+33 1728
+23 2577
+1 6013
+35 3436
+14 859
+3 859
-3 859
+3 859
-2 1718
+2 5154
+5 859
+2 2592
-81 35
+17 10
+1 5
fi=(5)
65 1
-8 1
+1 1
+7 3
+3 2
fi=(3)
606 1
-1 1
+3 2
-3 1
fi=(40)
156 2
fi=(3)
605 2076
+1 692
+2 2076
+2 692
fi=(40)
156 692
fi=(3)
610 692
+1 1384
fi=(5)
68 692
fi=(3)
613 692
fi=(5)
68 692
fi=(3)
610 1
fi=(40)
156 1
fi=(3)
610 1
+1 2
fi=(5)
68 1
fi=(3)
613 1
fi=(5)
68 3
fi=(40)
268 32
fi=(3)
515 1
fi=(5)
91 1
fi=(3)
515 1
fi=(5)
91 1
fi=(3)
515 2
fi=(5)
91 3
fi=(3)
515 1
fi=(5)
91 1
fi=(3)
515 1
fi=(5)
75 1
+1 1
-18 1
+19 1
-20 1
+1 1
+16 1
+3 1
-2 1
+1 1
-18 1
+19 1
-20 1
+1 1
+16 1
+3 1
+14 2
-12 2
+12 4
+10 4
+3 4
+7 2
+6 2
-6 4
+3 2
+3 2
-3 2
+3 2
+10 4
fi=(40)
268 2
fi=(5)
127 2
fi=(40)
268 2
+3 3
+40 1
+3 1
-3 1
+3 1
-3 1
+3 1
+17 3
+1 2
cfn=(188)
calls=1 +8 
* 28
fi=(5)
122 152
-3 152
+2 152
-2 152
fi=(3)
340 152
fi=(5)
119 152
+1 152
-1 152
+3 152
fi=(3)
343 152
fi=(5)
122 152
-2 152
fi=(3)
343 152
+17 304
+7 2404
fi=(5)
119 148
fi=(3)
367 1038
fi=(5)
119 2
fi=(3)
367 2264
cfi=(7)
cfn=(181)
calls=150 706 
* 180480
* 604
+1 891
+2 438
-2 12
+2 6
-2 5
* 5
* 5
+2 168
+29 147
fi=(5)
117 613
fi=(3)
459 4
+1 10
-6 2
+1 6
-42 4
fi=(40)
156 2
* 2
* 2
* 2
fi=(3)
419 2
+2 8
fi=(40)
268 12
fi=(3)
+99 48
fe=(7)

fl=(29) /build/eglibc-B4_LNK/eglibc-2.13/io/../sysdeps/unix/sysv/linux/fxstat64.c
fn=(114) __fxstat64
46 8
+3 48
+33 16

fl=(38) /build/eglibc-B4_LNK/eglibc-2.13/elf/dl-version.c
fn=(154) _dl_check_all_versions
fi=(2)
668 2
fe=(38)
387 1
+4 1
-4 2
+2 1
+2 3
+1 6
+1 4
cfn=(156) _dl_check_map_versions
calls=1 180 
* 9079

fn=(156)
180 4
+15 1
-15 1
+15 1
-15 1
+15 1
+4 1
+1 1
+2 1
-3 1
-2 1
+3 1
+2 1
+3 4
+4 4
62 1
243 1
-34 1
62 1
243 1
62 1
243 1
-17 1
62 1
226 1
62 1
226 1
62 5
226 1
62 1
226 1
62 1
226 1
62 5
+1 11
-1 22
+2 39
cfi=(28)
cfn=(96)
calls=13 301 
* 693
* 26
230 4
+4 6
+5 10
+4 32
cfn=(158) match_symbol
calls=2 82 
* 305
+8 2
+3 2
-3 4
-8 4
+11 2
-11 2
+11 2
+9 8
+5 2
+1 1
+8 3
+17 2
+6 4
cfi=(16)
cfn=(38)
calls=1 111 
* 45
+92 12
+1 8
cfn=(157) _dl_check_map_versions'2
calls=2 180 
* 7765
-2 2
+1 4
-1 2
+1 2
-1 2

fn=(157)
180 28
+15 7
-15 7
+15 7
-15 7
+15 7
+4 7
+1 7
+2 7
-3 7
-2 7
+3 7
+2 7
+3 20
+4 20
62 5
243 5
-34 5
62 5
243 5
62 5
243 5
-17 5
62 5
226 5
62 5
226 5
62 25
226 4
62 4
226 4
62 4
226 4
62 20
+1 54
-1 108
+2 189
cfi=(28)
cfn=(96)
calls=63 301 
* 3366
* 126
230 18
+4 27
+5 45
+20 3
-16 192
cfn=(158)
calls=12 82 
* 1464
+8 12
+3 12
-3 24
-8 24
+11 12
-11 12
+11 12
+9 36
+5 8
+1 4
-80 2
-8 2
+96 21
+3 15
+3 5
+3 5
-3 10
-3 10
+6 10
-6 56
+3 56
+3 56
-3 112
-3 112
+6 112
+8 14
+87 3
-81 24
cfi=(16)
cfn=(38)
calls=6 111 
* 1027
+92 30
+1 20
cfn=(157)
calls=5 180 
* 13610
-2 6
+1 12
-1 6
+1 6
-1 6
+5 2

fn=(158)
82 56
+9 14
-9 14
+1 14
+8 28
-9 56
+1 14
+8 14
+6 42
+15 14
+1 28
+2 28
+5 42
+14 165
+12 123
-26 123
+19 70
cfi=(17)
cfn=(54)
calls=14 38 
* 840
* 28
+3 14
+32 42

fl=(24)
fn=(72)
46 22
-10 22
+6 22
+4 22
+3 42
+2 28
-18 14
+18 14
-2 57
+2 38
-3 33
-2 66
+31 22
+1 88
+70 40
+2 54
+2 36
+2 39
+2 26
+2 21
+2 14
-82 118
+46 59
+14 59
-14 59
+3 59
+11 177
-11 59
+3 118
+8 59
33 177
135 118
-11 22
+14 22
-14 22
+3 22
+11 66
-11 22
+3 44
+8 22
33 66
135 44
+11 22
33 22
146 46
+39 44
-32 14

fl=(32)
fn=(120)
25 16
+1 16
+1 16
+3 8
+1 8
+1 8
+1 8
+2 8
+1 8
+1 8
+1 8
+3 8
+1 8
+1 8
+1 8
+1 6
+1 6
+1 5
+1 5
+1 5
-8 206
+1 206
+1 206
+1 206
+1 205
+1 205
+1 204
+1 204
+1 201
-4 3
+1 3
+1 5
+1 5
+1 8
+2 8
+2 8
+1 8
+1 3
+1 3
+1 3
+1 3
+1 3
+1 3
+1 3
-8 16
+1 16
+1 10
+1 10
+1 8
+1 8
+1 6
+1 6
+1 5
-6 11
+1 11
+1 13
+1 13
+1 15
+1 15
+1 16
+2 16

fl=(25)
fn=(78)
49 8
+3 8
-3 24
+3 8
+5 64
+4 1
-1 2
+1 1
+1 1
-1 1
+1 2
+1 1
-1 1
+1 1
-1 1
+1 1
-1 1
+5 16
-14 24

fn=(80)
77 2

fl=(27)
fn=(88)
27 15
+3 15
+4 15
+1 15
+1 15
+1 15
+1 15
+14 15
+1 15
+6 15
+3 15
+1 15
+3 15
+1 15
+13 15
cfi=(16)
cfn=(90) __sigjmp_save
calls=15 +72 
* 60

fl=(35) /build/eglibc-B4_LNK/eglibc-2.13/io/../sysdeps/unix/sysv/linux/xstat64.c
fn=(142) __xstat64
47 16
+3 96
+34 32
-34 90

fl=(28)
fn=(194)
358 8
+6 1
-4 2
+2 16
+1 4
-1 4
+1 8
-1 7
-2 7
+3 7
-1 7
-2 7
+2 12
+1 6
-1 6
+1 12
+1 2
-4 4
+19 4

fn=(126) _dl_sysdep_read_whole_file
fi=(2)
1721 1
-2 1
+2 1
+11 1
-1 1
+2 3
+8 1
-6 4
cfi=(33) /build/eglibc-B4_LNK/eglibc-2.13/string/memchr.c
cfn=(128) memchr
calls=1 82 
* 172
+1 2
+6 1
+6 5
+1 2
+23 1
+2 1
-3 1
+1 1
+2 1
-3 1
+3 1
-2 3
cfi=(16)
cfn=(77) strsep'2
calls=1 320 
* 1089
* 2
+1 3
+1 3
cfn=(83) do_preload'2
calls=1 808 
* 1320041
-11 1
-1 1
+1 1
+5 2
fe=(28)
44 3
+3 1
-3 1
+3 1
cfi=(21)
cfn=(104) open
calls=1 +35 
* 62

fn=(127) _dl_sysdep_read_whole_file'2
fi=(36)
245 5
+15 3
-6 1
+6 1
cfi=(21)
cfn=(67) access'2
calls=1 82 
* 12
+4 1
+15 1
-15 1
+15 2
-19 1
+5 8
-1 3
+15 2
-25 1
+25 1
-25 1
+25 95
cfn=(146) _dl_cache_libcmp
calls=8 140 
* 777
* 44
+21 3
-95 1
-8 1
+8 4
+1 4
cfi=(13)
cfn=(32)
calls=1 329 
* 80
* 2
+7 1
-3 1
+3 4
+4 2
-1 2
+1 1
+1 4
cfi=(13)
cfn=(32)
calls=1 329 
* 51
* 2
+18 2
+43 17
cfn=(146)
calls=1 140 
* 99
* 44
cfn=(146)
calls=1 140 
* 99
* 36
+16 8
fe=(28)
44 3
+3 1
-3 1
+3 1
cfi=(21)
cfn=(104)
calls=1 +35 
* 62

fn=(96)
301 604
+1 302
-1 302
+1 302
cfi=(17)
cfn=(54)
calls=302 38 
* 2482
* 302
+1 302
-1 302
cfn=(97) _dl_name_match_p'2
calls=302 +3 
* 10124

fn=(97)
305 302
+2 604
+4 300
-4 600
+1 960
cfi=(17)
cfn=(54)
calls=320 38 
* 6114
* 640
+1 20
+5 20
-1 564

fl=(30) /build/eglibc-B4_LNK/eglibc-2.13/string/wordcopy.c
fn=(116) _wordcopy_fwd_aligned
38 12
-3 6
+3 18
+71 6
+1 6
+2 6
+1 6
+2 6
+10 6
-9 6
+6 6
-4 6
+1 6
+2 6
+4 6
-10 3
+10 3
-9 3
+6 3
-4 3
+1 3
+2 3
+4 3
-28 4
+1 4
+3 4
-1 4
+1 4
+2 4
+1 4
+2 4
+1 8
-6 2
-1 2
+1 2
+2 2
+1 2
+2 2
+1 4
-27 2
+2 2
+1 2
+2 1
+3 1
+3 1
+39 6
+1 12
-81 3
-3 3
+3 3
+1 3

fn=(140) _wordcopy_fwd_dest_aligned
150 1
+7 1
-7 1
+7 1
-14 1
+12 1
-4 1
+6 5
+19 1
+1 1
-1 1
+3 1
+21 3
-1 1
+1 1
+3 2
-1 1
+1 1
+3 2
+6 1
-7 1
+4 1
-3 1
+2 1
+4 1
+5 3
+1 2

fl=(11) /build/eglibc-B4_LNK/eglibc-2.13/elf/../misc/sbrk.c
fn=(24) sbrk
35 2
+8 9
+4 2
+11 2

fl=(16)
fn=(90)
152 30
+2 30

fn=(42)
95 40
+1 80
cfn=(47) __libc_memalign'2
calls=1 -42 
* 28
cfn=(46) __libc_memalign
calls=39 -42 
* 10003

fn=(43) malloc'2
95 3
+1 6
cfn=(47)
calls=3 -42 
* 84

fn=(46)
fi=(20)
747 1
-3 1
+3 1
+6 2
+1 1
+10 1
-10 1
+10 1
-10 1
+10 1
+3 1
-3 1
+12 1
-12 1
+3 1
+9 1
-11 1
-54 1
+57 1
+8 1
-14 1
+7 1
+7 1
-65 1
+57 1
-1 1
+1 1
+5 1
-62 2
+62 4
-62 6
+62 131
+1 64
-1 64
+3 11
-14 3
+14 3
-8 3
+8 3
-14 3
+5 3
+1 3
-4 3
+1 3
+7 3
-3 6
+3 12
-10 6
+25 1
-11 1
+11 1
-5 3
+6 1
-12 1
+6 1
+1 1
+5 1
+2 4
+2 3
+32 5
+8 3
cfi=(24)
cfn=(72)
calls=1 46 
* 97
* 2
+2 2
cfi=(10)
cfn=(22)
calls=1 28 
* 40
* 8
cfi=(6)
cfn=(12)
calls=1 60 
* 30
* 1
+17 4
-1 1
+3 3
-2 1
+3 1
-3 2
+2 39
-2 13
+3 13
-3 28
+8 1
cfn=(74) fillin_rpath
calls=1 517 
* 578
cfi=(16)
cfn=(43)
calls=1 95 
* 31
-51 1
-2 1
+2 1
-2 1
+13 1
-11 1
fi=(7)
373 2
+7 1
-3 1
+3 1
+1 93
+1 192
cfn=(192)
calls=24 -65 
* 5619
-2 124
+6 3
cfi=(16)
cfn=(196)
calls=1 121 
* 296
fi=(14) /build/eglibc-B4_LNK/eglibc-2.13/elf/dl-object.c
80 2
+5 1
-1 1
+4 1
-1 1
+2 2
-6 1
+1 1
+5 2
cfi=(6)
cfn=(12)
calls=1 -29 
* 40
+5 1
-3 2
+3 1
-5 1
+5 1
-1 1
+6 1
-5 3
+3 1
+6 1
-6 3
+1 1
+8 2
+18 1
-5 1
+5 2
-5 1
+5 1
-6 1
+6 1
-6 1
+6 1
+2 3
-4 1
+7 2
+4 3
+4 3
+11 2
+3 3
+2 2
cfi=(10)
cfn=(22)
calls=1 28 
* 89
+4 1
-4 1
+4 1
-20 4
+24 2
cfi=(22) /build/eglibc-B4_LNK/eglibc-2.13/string/mempcpy.c
cfn=(68) mempcpy
calls=1 42 
* 158
cfi=(16)
cfn=(43)
calls=1 -66 
* 31
fi=(38)
381 3
-80 1
-2 1
+2 1
+11 1
+2 1
-5 1
+3 1
+2 1
-2 1
+2 1
+3 6
+4 12
+18 2
-15 4
+2 6
-2 8
+2 12
+4 6
+1 6
-3 12
+1 6
+1 6
+1 6
-2 6
+1 6
+1 6
+3 18
+8 8
+5 4
+1 6
+4 3
+3 3
+6 1
-2 1
+2 2
-6 30
+6 30
-2 30
+2 60
+4 30
+2 30
-1 30
+1 30
-2 30
+1 60
+1 30
-1 30
+2 30
+3 94
fi=(37)
-28 3
+13 1
+5 1
-5 2
+5 3
cfi=(32)
cfn=(120)
calls=1 25 
* 373
+4 2
cfn=(168) allocate_dtv
calls=1 -76 
* 57
fe=(16)
54 40
-1 40
+1 40
-1 40
+1 40
-1 40
+1 120
+11 80
+1 40
-1 40
+3 80
-3 120
+3 145
+4 30
+1 10
+6 45
cfi=(23)
cfn=(70)
calls=5 -44 
* 180
+9 105
+1 35
+2 70
-31 7
+1 1
-2 3

fn=(47)
54 4
-1 4
+1 4
-1 4
+1 4
-1 4
+1 12
+11 8
+1 4
-1 4
+3 8
-3 12
+3 16
+20 12
+1 4
+2 8

fn=(76) strsep
fi=(2)
1716 5
cfi=(21)
cfn=(66) access
calls=1 82 
* 1321428
-18 2
fi=(20)
495 2
+87 1
+3 3
fe=(16)
320 8
+3 12
+2 4
+1 8
cfn=(77)
calls=2 +4 
* 897

fn=(77)
fi=(2)
1772 2
+5 2
+12 3
cfi=(31)
cfn=(130) munmap
calls=1 82 
* 1316269
fe=(16)
320 4
+3 6
+2 2
+1 4
cfn=(77)
calls=1 +4 
* 1081
+4 15
-11 3
+16 6
-5 99
-11 99
+16 574
+2 870
-7 306
+18 3
+4 3

fn=(196)
fi=(7)
460 4
305 4
+1 2
-1 2
+1 2
+1 4
426 2
-1 2
+1 2
-1 2
+1 10
-1 2
+13 2
+2 2
-2 4
+2 8
cfi=(2)
cfn=(52)
calls=2 848 
* 8
+2 2
-12 10
cfn=(193)
calls=1 317 
* 229
cfn=(192)
calls=1 317 
* 235
+3 8
+3 8
-46 4
-3 2
+2 2
+1 2
-2 2
+2 6
fe=(16)
121 4
+2 10

fn=(38)
111 133
-7 38
+4 19
+3 19
+4 19
+1 19
-1 19
cfn=(42)
calls=19 -20 
* 8164

fl=(19) /build/eglibc-B4_LNK/eglibc-2.13/posix/../sysdeps/unix/syscall-template.S
fn=(60) uname
fi=(18) /build/eglibc-B4_LNK/eglibc-2.13/elf/../sysdeps/unix/sysv/linux/dl-sysdep.c
154 2
-45 1
+15 1
-15 1
+20 1
-1 1
+3 15
+4 3
-2 3
+2 12
-69 1
+71 1
-71 1
+72 1
-3 1
+3 1
-3 5
+10 3
-4 3
+2 3
+2 10
+5 2
fe=(19)
-68 5
+1 1

fl=(22)
fn=(68)
42 52
-7 52
+1 52
+1 52
+5 52
+3 14
+1 7
-1 7
+1 16
+11 36
cfi=(30)
cfn=(140)
calls=1 +93 
* 38
* 28
+6 2196
+3 88
cfi=(14)
cfn=(35) _dl_new_object'2
calls=4 207 
* 370
cfi=(20)
cfn=(75) fillin_rpath'2
calls=1 555 
* 115
cfi=(8)
cfn=(65) _dl_important_hwcaps'2
calls=1 557 
* 1370
* 16
cfi=(14)
cfn=(35)
calls=2 207 
* 180
-9 6
cfi=(30)
cfn=(116)
calls=6 -19 
* 227
* 6

fn=(69) mempcpy'2
42 23
-7 23
+1 23
+1 23
+5 23
+21 303
+3 46

fl=(51) /build/eglibc-B4_LNK/eglibc-2.13/elf/dl-runtime.c
fn=(268) _dl_fixup
74 18
+6 18
-6 36
+6 18
-4 18
+4 18
+2 18
-1 18
-4 18
+4 36
+6 18
-6 18
+6 18
-10 18
+5 18
-1 18
+6 18
+4 54
+4 54
+4 36
+1 18
-1 36
+1 18
+1 18
+1 36
+7 18
cfi=(52) /build/eglibc-B4_LNK/eglibc-2.13/elf/../ports/sysdeps/unix/sysv/linux/arm/aeabi_read_tp.S
cfn=(270) __aeabi_read_tp
calls=18 -62 
* 72
* 54
-1 18
+1 18
+10 216
cfi=(7)
cfn=(180)
calls=18 706 
* 20289
+4 36
-4 18
+4 18
+10 144
+16 72
+4 72
fi=(3)
275 18
fe=(51)
157 36

fl=(14)
fn=(34) _dl_new_object
fi=(2)
1114 2
+3 1
-1 2
+1 1
-2 1
+1 1
+5 2
cfi=(14)
cfn=(48) _dl_add_to_namespace_list
calls=1 33 
* 46
+1 3
+29 1
-3 1
-5 1
+8 2
-5 1
+2 1
-2 1
-3 1
+1 1
+4 1
+3 1
897 1
1151 1
+19 1
+37 1
-37 1
+37 1
-37 1
+22 1
897 1
1207 1
+36 1
-5 1
-65 1
+19 1
-19 1
+70 1
-5 1
-31 1
-34 1
+21 1
+49 1
-5 1
-31 1
-34 1
+34 3
-34 1
+21 2
-42 24
-1 24
+1 42
1254 2
+2 1
* 2
+1 1
+1 2
+1 1
+1 2
+1 5
+13 5
+1 8
cfi=(17)
cfn=(54)
calls=1 38 
* 8
* 2
+5 1
+2 1
-2 1
+2 1
+3 1
-5 1
+5 1
-2 2
+3 2
-1 1
+5 7
+2 2
fi=(4) /build/eglibc-B4_LNK/eglibc-2.13/elf/dynamic-link.h
104 1
+9 2
+6 1
-2 1
+2 4
+2 1
+1 2
-1 27
+1 52
-1 26
+5 12
+1 12
-1 4
+2 3
+2 2
-2 1
+3 4
+5 26
fi=(2)
887 52
fi=(4)
119 78
+25 3
+38 3
+7 4
+5 3
+4 3
+1 4
+12 3
+14 3
+7 2
+2 2
fi=(2)
1297 2
cfi=(7)
cfn=(14)
calls=1 851 
* 23
+3 3
+20 5
-77 3
+1 1
-88 3
+1 1
+50 4
-1 2
+1 4
+1 2
-2 4
+2 2
+1 2
+3 2
-5 1
+5 3
+3 1
-2 2
+1 1
+1 2
-3 2
-5 1
+5 3
+3 1
-2 2
+1 1
+1 3
+1 3
-45 2
+9 1
-9 1
-1 1
+3 1
+7 1
-10 1
+3 1
+7 1
+18 2
-37 4
+1 1
fi=(4)
134 3
+1 2
+1 3
fi=(2)
887 2
fi=(4)
119 3
fi=(2)
1412 1
cfi=(18)
cfn=(58) _dl_discover_osversion
calls=1 69 
* 1329710
fe=(14)
62 3
+2 1
-2 3
+2 1
cfi=(10)
cfn=(22)
calls=1 -36 
* 19
+6 1
-8 1
+8 4
-6 1
+6 7
+9 2
-2 3
cfi=(6)
cfn=(12)
calls=1 -17 
* 142
cfi=(16)
cfn=(38)
calls=1 +34 
* 56

fn=(35)
fi=(20)
1048 12
+13 12
+3 12
-5 6
+4 6
+1 12
-4 6
-1 6
+2 6
+4 6
-5 6
+1 6
+4 6
-1 6
+25 18
-19 6
+19 6
+8 6
-8 12
+8 6
-8 48
+8 6
-6 6
-11 6
+11 6
911 6
1090 6
-10 12
+18 80
+6 6
+1 6
-1 6
+1 18
-8 6
1242 6
1097 59
1242 35
1097 140
+1 43
911 43
1098 209
+60 6
+5 2
+12 2
-11 2
-2 2
+5 2
-4 2
+4 4
-2 2
* 2
+2 2
+8 2
-7 2
+7 2
-4 2
-3 2
+7 2
+6 2
cfi=(37)
cfn=(148) _dl_next_tls_modid
calls=2 51 
* 24
-84 2
1242 2
1097 6
+84 2
-84 2
1245 12
+13 18
+2 6
-2 24
+2 6
-5 6
+3 6
+2 6
+14 6
+5 6
-5 6
+5 6
-5 6
+5 48
cfi=(23)
cfn=(70)
calls=6 35 
* 2667
1115 84
+6 12
+1 12
-1 72
+10 12
-2 24
+2 12
-2 12
+1 12
+1 12
+1 24
+2 12
-5 12
+5 24
-4 24
+9 12
-4 12
-5 12
+3 12
+2 12
+4 18
+1 24
+5 36
-1 6
+11 6
-10 36
-1 6
+11 6
-46 4
+1 2
1240 4
+1 4
-1 4
+1 4
+1 4
-6 12
+1 6
1412 12
fi=(4)
113 6
fi=(20)
1412 6
fi=(4)
113 6
+6 6
-2 6
+2 12
fi=(20)
911 6
fi=(4)
121 6
+1 12
-1 152
+1 292
-1 146
+5 108
+1 108
-1 36
+2 18
+2 12
-2 6
+3 24
+5 152
fi=(20)
911 152
fi=(4)
119 456
+25 12
+20 30
+1 30
+1 30
+1 30
+2 18
* 12
+3 30
+2 30
+1 28
+1 25
+6 15
-7 2
+1 5
+6 3
+7 24
+5 18
+4 18
+1 24
+12 18
+14 18
+2 1
+2 1
-2 1
+3 1
+2 12
+2 12
fi=(20)
1418 30
+16 18
+19 18
+2 42
+55 6
+4 6
-4 6
+1 10
+3 2
cfi=(21)
cfn=(124)
calls=2 82 
* 292
-3 8
+3 4
cfi=(21)
cfn=(124)
calls=4 82 
* 564
fi=(4)
134 18
+1 12
+1 18
fe=(14)
-74 18
+2 6
-2 18
+2 6
cfi=(10)
cfn=(22)
calls=6 -36 
* 358
+6 6
-8 6
+8 24
-6 6
+6 42
+9 12
-2 18
cfi=(6)
cfn=(12)
calls=5 -17 
* 1890
cfi=(16)
cfn=(38)
calls=6 +34 
* 701
+17 6
-3 12
+3 6
-5 6
+5 6
-1 6
+6 6
-5 18
+3 6
+6 6
-6 18
+1 6
+8 16
+2 1
-2 32
+2 15
-2 30
+18 6
-5 6
+5 12
-5 6
+5 6
-6 6
+6 6
-6 6
+6 6
+2 17
-4 5
+7 10
-3 1
-4 1
+7 3
+4 15
+4 15
+8 1
+3 2
+3 3
-3 10
+3 15
+2 10
cfi=(10)
cfn=(22)
calls=5 28 
* 417
+4 5
-4 5
+4 5
+68 21
-88 20
-8 1
+8 3
+24 10
cfi=(22)
cfn=(68)
calls=5 42 
* 825
cfi=(16)
cfn=(42)
calls=5 -66 
* 155
+46 12
+5 92
+1 92
-1 92
+1 190
-1 6
+1 12
+2 12
+3 12
+3 12

fn=(48)
33 14
+2 7
-2 7
+2 35
cfi=(2)
cfn=(50)
calls=7 842 
* 28
+2 36
+3 102
+2 6
+2 6
+4 24
+1 6
+1 6
-2 6
+1 6
-1 6
+2 12
-2 6
+2 6
-1 6
+3 18
-3 6
+1 6
+2 6
cfi=(2)
cfn=(52)
calls=6 848 
* 24
-4 4
+1 1
+1 1
-2 1
+1 1
-1 1
+2 2
-2 1
+2 1
-1 1
+3 3
-3 1
+1 1
+2 1
cfi=(2)
cfn=(52)
calls=1 848 
* 4
+1 7
-6 2

fl=(20)
fn=(98) expand_dynamic_string_token
421 6
+10 4
-10 2
+10 2
cfi=(24)
cfn=(72)
calls=2 46 
* 466
* 4
+4 2
+11 2
-11 2
cfn=(100) local_strdup
calls=2 160 
* 347

fn=(62) _dl_init_paths
fi=(2)
1420 3
cfi=(25)
cfn=(78)
calls=1 49 
* 33
+7 1
+4 1
-4 1
-5 1
+13 1
-4 1
+4 2
-13 1
+8 1
-10 1
+20 1
-10 1
+10 1
-10 1
+1 1
+4 1
+5 1
-6 1
+1 2
-4 1
+1 1
-1 1
+1 1
+2 1
+6 1
-9 1
+2 1
-1 1
+2 1
+1 1
+5 1
+5 1
+10 1
-10 2
+4 1
-2 1
887 1
1447 1
+6 1
-4 1
+4 1
-5 1
+1 1
+5 2
+1 2
-1 1
+1 2
+2 3
+1 1
-1 1
+1 1
+5 5
+5 4
906 1
1468 1
1649 1
+12 1
-12 1
+3 2
+4 4
+1 1
* 1
+9 1
-5 1
+5 1
-5 1
+1 1
cfi=(25)
cfn=(80)
calls=1 77 
* 1
+4 3
+15 3
+4 4
-2 1
+2 1
1441 6
1692 2
cfi=(10)
cfn=(22)
calls=1 28 
* 101
* 1
+6 1
+2 1
-8 1
+6 1
+2 1
-8 7
cfi=(6)
cfn=(12)
calls=1 60 
* 73
+10 3
-10 1
+6 3
cfi=(16)
cfn=(76)
calls=1 320 
* 689
* 2
+1 3
+1 3
+2 4
cfn=(82) do_preload
calls=1 808 
* 1325076
fe=(20)
727 1
-15 2
+15 1
-15 1
+15 5
-15 1
+15 2
cfi=(8)
cfn=(64) _dl_important_hwcaps
calls=1 356 
* 3473

fn=(136) cache_rpath
688 12
+1 12
-1 12
+1 24
+17 24
-16 24

fn=(138) open_path
2124 16
+1 4
-1 4
+7 4
-7 8
+7 4
+5 16
-7 4
+7 8
-7 4
+7 20
+12 4
+15 4
+6 4
-33 8
+12 4
+15 4
+6 4
-33 4
+12 4
-20 4
+8 4
-8 4
+28 4
-8 16
+7 16
cfi=(22)
cfn=(68)
calls=4 42 
* 288
+1 12
-1 4
+1 4
+47 4
-83 4
+83 4
-83 4
+23 4
+60 8
-27 16
+1 32
+23 16
-24 16
-20 444
+3 192
+4 19
-43 19
+43 95
cfi=(22)
cfn=(68)
calls=19 42 
* 751
* 57
cfi=(22)
cfn=(68)
calls=19 42 
* 1324
+6 38
-3 38
+3 19
+3 133
cfn=(102) open_verify
calls=19 1890 
* 646
+2 38
-2 19
+2 19
+26 6
+2 9
+39 28
+7 12
-2 4
+2 4
-2 8
+2 4
+3 8
+13 4
+1 12
-84 48
+1 192
+6 16
+2 16
-2 32
+2 16
-2 32
+2 16
-2 16
+2 16
cfi=(35)
cfn=(142)
calls=16 47 
* 234
* 32
+1 3
+4 3
-4 1
+2 45
+7 32

fn=(112) _dl_map_object_from_fd
914 30
+11 18
-11 24
+11 6
cfi=(25)
cfn=(78)
calls=6 49 
* 114
+4 12
-4 6
+4 12
cfi=(29)
cfn=(114)
calls=6 46 
* 54
* 12
+11 48
+1 30
-1 81
+1 243
+17 18
+25 18
+9 30
+21 24
+31 6
926 12
1044 6
+3 54
cfi=(14)
cfn=(35)
calls=6 62 
* 10779
2563 18
-2 12

fn=(94) _dl_map_object
fi=(2)
636 2
+2 4
fe=(20)
2273 75
+7 15
-7 30
+7 15
+1 75
+3 75
+20 75
-8 207
-12 207
+5 234
+1 156
+2 234
cfi=(28)
cfn=(96)
calls=78 301 
* 4341
* 156
2563 27
2318 6
+1 6
-1 6
+1 6
-1 18
+9 30
+24 6
+2 12
-2 6
+2 6
cfi=(24)
cfn=(72)
calls=6 46 
* 447
* 12
2494 12
cfn=(98)
calls=2 421 
* 837
+1 2
-3 2
+4 2
-1 2
+4 22
cfn=(102)
calls=2 1890 
* 5639
2357 8
cfi=(10)
cfn=(22)
calls=4 28 
* 173
+2 16
-2 8
+2 4
+7 20
+35 24
+1 80
cfn=(138)
calls=4 2124 
* 5296
* 16
+6 8
+1 28
cfn=(136)
calls=4 688 
* 36
* 8
+7 16
+5 8
cfi=(36)
cfn=(144) _dl_load_cache_lookup
calls=4 191 
* 9765
+2 9
+4 9
+12 3
-5 6
+27 36
cfn=(102)
calls=3 1890 
* 9932
-91 4
+5 4
-5 12
+5 12
+3 4
-2 4
+2 4
-2 4
-1 4
+3 12
-3 12
+1 24
cfn=(136)
calls=4 688 
* 36
* 8
+14 16
+1 28
+1 28
cfn=(136)
calls=4 688 
* 36
* 8
-95 207
+3 33
+1 33
+1 33
-1 66
+1 66
cfi=(17)
cfn=(54)
calls=33 38 
* 702
* 66
+2 99
cfi=(17)
cfn=(54)
calls=33 38 
* 450
* 66
fi=(34)
65 4
+5 8
fe=(20)

fn=(108) check_arm_attributes_hfabi
1679 24
+3 12
-3 6
+8 12
-5 6
-3 6
+7 18
+1 6
cfi=(21)
cfn=(110) lseek
calls=6 82 
* 4869
2110 18
1806 12
+4 18
+7 24
+3 12
-3 6
+7 10

fn=(74)
517 1
-26 3
+14 1
+12 1
-26 3
+2 1
+24 1
-12 1
-16 1
+2 1
+14 1
-16 1
+6 3
cfi=(16)
cfn=(76)
calls=1 320 
* 224
* 2
+3 1
cfi=(10)
cfn=(22)
calls=1 28 
* 40
+4 1
+3 1
-3 1
+7 8
+8 2
+4 17
+1 12
-8 4
+26 3
+4 1
-1 1
+1 4
+1 2
-2 3
cfi=(22)
cfn=(68)
calls=1 42 
* 187
cfi=(16)
cfn=(43)
calls=1 95 
* 31
-3 3
870 4
+6 4
-51 1
+55 2

fn=(75)
495 3
cfi=(16)
cfn=(76)
calls=1 320 
* 14
+60 1
-3 1
+3 1
-3 1
+3 1
-2 1
+2 1
+6 1
-5 1
+6 1
-1 1
+1 1
-1 2
+1 2
-73 1
+73 3
+1 1
-1 31
+1 15
-1 15
+4 1
-1 1
+1 1
-1 1
+1 1
+7 3
+1 1
-1 1
+4 3
-6 3

fn=(100)
160 12
+1 6
cfi=(10)
cfn=(22)
calls=6 28 
* 554
* 6
+1 12
cfn=(101) local_strdup'2
calls=6 +5 
* 24
cfi=(16)
cfn=(42)
calls=6 -67 
* 186
fi=(6)
60 6
+7 6
+1 6
+1 6
+1 6
+1 6
+1 6
+1 6
+2 2
+1 2
+6 2
+10 2
+1 2
+1 2
+1 2
+5 2
+1 2
+1 2
+1 2
+1 2
+1 2
+2 2
+1 2
+1 2
+7 2
+1 2
+1 2
+2 2
+7 2
+1 2
+1 2
+4 2
+7 2
+1 2
-1 4
+1 4
+1 3
+1 3
+1 3
+1 3
+1 3
+9 3
-13 3
+1 1
+1 1
-1 2
+1 2
+1 3
+1 1
+9 1
-9 2
+9 2
+18 4
+1 4
+1 4
+1 4
+1 4
+80 53
+4 111
fe=(20)

fn=(101)
167 12
+1 6
-1 6

fn=(102)
1890 25
-36 75
+36 75
-36 25
+36 50
-36 50
+36 25
+21 75
cfi=(21)
cfn=(104)
calls=25 82 
* 7424
+1 19
-1 19
+1 19
2110 57
2502 2
-3 2
+3 2
+12 18
+2 12
+44 6
+1 6
-1 12
+1 54
cfn=(112)
calls=6 914 
* 11667
-75 20
-22 4
-3 4
+3 4
+2 12
cfn=(100)
calls=4 160 
* 781
+1 8
-1 4
+1 4

fl=(18)
fn=(58)
fi=(2)
1412 11
+5 1
+3 1
-3 1
+3 1
-3 2
cfi=(20)
cfn=(62)
calls=1 727 
* 1329600
1316 4
+96 2
fe=(18)
69 1
-2 1
+2 1
-2 1
+2 3
+40 2
cfi=(19)
cfn=(60)
calls=1 -27 
* 78

fl=(52)
fn=(270)
47 18
+1 18
cob=(2)
cfi=(15)
cfn=(272)
calls=18 -48 
* 36

fl=(33)
fn=(128)
82 1
-10 1
+6 1
+4 1
+1 2
210 1
+1 2
-97 1
+9 1
-8 1
+8 3
+36 1
+3 1
-3 1
+6 1
-3 1
+8 1
-5 1
+5 1
-8 1
+35 1
-35 1
-3 10
+3 10
-3 10
+6 10
-3 10
+8 10
-5 10
+5 10
-8 10
+35 10
-35 10
-39 11
+36 11
-36 11
+79 1
-79 1
+79 1

fl=(50)
fn=(266)
45 18
+8 18
+4 18
+1 18
+1 18
+3 18
cfi=(51)
cfn=(268)
calls=18 +12 
* 21711
+3 18
+4 18
+4 18

fl=(41) /build/eglibc-B4_LNK/eglibc-2.13/elf/dl-init.c
fn=(210) call_init
36 2
+1 1
-1 2
+1 1
-1 1
+1 3
cfn=(211) call_init'2
calls=1 +9 
* 7364

fn=(211)
36 16
+1 8
-1 16
+1 8
-1 8
+1 24
cfn=(211)
calls=7 +9 
* 35290
+9 8
-3 16
+3 24
+5 21
+5 30
+8 12
+2 12
+4 6
-4 6
+4 18
cob=(2)
cfi=(15)
cfn=(342) 0x04831474
calls=1 -70 
* 37
cob=(2)
cfi=(15)
cfn=(248) 0x04895230
calls=1 -70 
* 6644
cob=(2)
cfi=(15)
cfn=(240) 0x04921108
calls=1 -70 
* 37
cob=(2)
cfi=(15)
cfn=(228) 0x0499e1f0
calls=1 -70 
* 51
cob=(4)
cfi=(43)
cfn=(220)
calls=1 -18 
* 231
cob=(2)
cfi=(15)
cfn=(212) 0x048273d8
calls=1 -70 
* 37
+4 1
+1 2
+6 5
+2 10
-2 5
+2 5
+1 10
cfn=(211)
calls=5 * 
* 6711
* 5
+1 20
-1 5
+1 5
cob=(8) /usr/lib/arm-linux-gnueabihf/libcofi_rpi.so
cfi=(54) ???
cfn=(348) 0x00000540
calls=1 -85 
* 11
cob=(7) /usr/lib/arm-linux-gnueabihf/libstdc++.so.6.0.19
cfi=(49) ???
cfn=(254) 0x0004bcd4
calls=1 -85 
* 6618
cob=(6) /lib/arm-linux-gnueabihf/libm-2.13.so
cfi=(48) ???
cfn=(246) 0x0000337c
calls=1 -85 
* 11
cob=(5) /lib/arm-linux-gnueabihf/libgcc_s.so.1
cfi=(47) ???
cfn=(234) 0x0000f694
calls=1 -85 
* 25
cob=(3) /usr/lib/valgrind/vgpreload_core-arm-linux.so
cfi=(42) ???
cfn=(218) 0x000004a4
calls=1 -85 
* 11
* 4
-1 1
+1 1
cob=(7)
cfi=(49)
cfn=(260) 0x0004b4b8
calls=1 -85 
* 6588
-1 14
-32 3
-5 4
+58 3
+27 1
+1 2
cfn=(209) _dl_init'2
calls=1 -41 
* 7295
+1 42
cfn=(211)
calls=7 -98 
* 28116
-1 8
+1 8
-1 9
-32 3

fn=(208) _dl_init
0 3
fi=(1)
cob=(9)
cfi=(55)
cfn=(352)
calls=1 0 
0 132377211
93 2
+5 1
-5 1
+5 1
-5 1
+5 1
-5 1
+5 1
-4 1
+1 1
+3 1
+2 1
cfn=(210)
calls=1 -64 
* 7374

fn=(209)
92 1
+41 1
+1 6
cfn=(211)
calls=1 -98 
* 7287

fl=(37)
fn=(166) _dl_allocate_tls_storage
fi=(2)
776 2
+6 3
+4 1
-4 1
+4 3
+6 1
-3 4
+3 1
fe=(37)
329 1
+2 2
+6 1
-6 1
+6 1
+1 1
-1 1
+1 1
-1 1
+5 2
cfi=(16)
cfn=(46)
calls=1 54 
* 514

fn=(190)
817 4
+9 2
-3 2
+3 6
+5 6
+42 2
-1 2
+1 2
-1 2
+1 2
-1 2
+1 4
+1 2

fn=(198)
377 2
+1 3
+12 1
+11 1
-11 1
-5 1
+5 1
+5 1
-13 1
+8 1
+11 1
-17 1
+11 7
+6 3
-25 4
+47 4
+1 8
+5 2
+6 2
-6 2
+7 4
-1 2
+2 4
cfi=(22)
cfn=(68)
calls=2 42 
* 53
* 10
cfi=(32)
cfn=(120)
calls=2 25 
* 80
* 2
-42 6
+6 10
+3 2
+1 4
+6 2
+3 2
-3 4
+2 2
+5 2
-5 2
+38 1
+3 3

fn=(168)
289 1
+8 1
-1 1
-7 1
+7 2
+1 2
cfi=(16)
cfn=(38)
calls=1 111 
* 45
+69 2
+5 2

fn=(148)
51 2
+3 10
+48 10
+4 2

fn=(162) _dl_determine_tlsoffset
119 1
-6 1
+6 1
-6 1
+6 4
+3 4
+83 3
+2 13
+7 2
-2 2
+2 4
-4 2
-1 2
+3 4
-3 2
+5 2
-2 2
+12 2
-10 2
+14 8
cfi=(1)
cfn=(164) __udivsi3
calls=2 0 
* 22
+1 2
-1 2
+1 4
+1 2
+2 2
+1 4
-28 6
+28 2
+6 2
-34 2
+27 2
-27 2
+28 2
-28 7
+37 2
+1 1
+7 1
-8 1
+8 1
+1 2
cfi=(2)
cfn=(161) init_tls.part.6'2
calls=1 775 
* 543

fl=(34)
fn=(132) _dl_map_object_deps
fi=(2)
1817 3
887 3
1818 1
-1 1
+1 3
-1 1
+1 7
-1 7
+1 21
-1 7
+4 5
+1 2
+1 1
+2 2
+1 9
887 1
1826 2
-1 1
+1 20
-1 18
+47 1
+1 1
+1 2
-2 1
+1 2
+1 3
-1 1
-1 1
+2 1
cfi=(26)
cfn=(150)
calls=1 199 
* 1276531
-48 2
+12 1
+1 1
-1 2
+1 1
-1 1
+1 1
+2 1
+2 3
+2 1
-4 1
+4 1
-4 1
+4 1
-4 1
+4 1
+1 1
-1 1
+14 2
+1 5
+1 3
-25 3
fe=(34)
150 1
-1 2
+1 1
-1 1
+1 1
-1 1
+16 1
-15 3
+14 1
+2 1
-16 1
+14 1
+1 1
+1 1
+6 1
+10 1
-14 1
+4 2
-23 1
+23 1
-4 1
+14 1
-36 1
+18 1
+19 1
-19 1
+1 1
+1 1
+6 1
+10 2
-10 3
+10 2
+1 1
-19 1
+1 1
+1 1
+6 1
+10 2
-10 3
+10 6
293 1
-92 1
+92 3
-51 1
-56 1
+15 1
+41 1
+51 1
-51 1
-56 1
+56 1
-38 1
-3 1
+92 1
-51 1
-56 2
293 1
-92 1
-15 1
+17 1
+1 1
+4 1
+5 1
-5 1
+5 1
+4 2
-8 1
+8 1
+5 3
+13 1
-11 1
+7 1
+4 1
-11 1
+8 1
+3 1
-5 1
-6 1
+5 1
+2 1
+1 1
+3 1
+93 1
+10 1
-10 2
210 1
+25 1
338 2
235 1
+1 2
+6 6
cfi=(24)
cfn=(72)
calls=1 46 
* 110
* 3
+5 1
-3 1
+3 7
cfi=(26)
cfn=(84)
calls=1 -76 
* 39285
-29 1
-1 1
+1 6

fn=(133) _dl_map_object_deps'2
222 3
+13 5
-11 5
+7 5
+4 5
-11 5
+8 5
+3 5
-5 5
-6 5
+5 5
+2 5
+1 5
+3 5
+93 5
+10 5
-10 10
210 5
+25 5
338 10
235 5
+1 262
+6 54
cfi=(24)
cfn=(72)
calls=9 46 
* 889
* 27
+5 9
-3 9
+3 63
cfi=(26)
cfn=(85)
calls=9 -76 
* 5868
+2 27
+15 9
+2 27
+19 9
+1 18
457 9
235 27
457 122
235 366
466 12
+2 10
+3 5
-3 5
+2 10
cfi=(6)
cfn=(13) memcpy'2
calls=5 60 
* 19707
cfi=(16)
cfn=(42)
calls=5 95 
* 155
+7 30
cfi=(6)
cfn=(13)
calls=6 60 
* 174
+2 6
+1 6
+4 35
+2 7
+1 38
208 6
+5 6
-5 6
+5 6
+4 12
-8 6
+8 6
+1 6
-1 6
+1 60
+1 25
+3 5
-3 5
+3 5
-3 5
+3 12
+57 1
-2 1
-6 2
+8 1
-3 1
+3 1
-5 1
+3 1
-2 1
+6 6
-39 1
487 5
+4 5
+1 1
* 2
+3 5
+11 2
-1 2
cfi=(6)
cfn=(13)
calls=1 60 
* 795
cfi=(16)
cfn=(42)
calls=1 95 
* 31
625 2
-5 1
+5 2
+1 5
cfi=(32)
cfn=(120)
calls=1 25 
* 31
146 2
626 1
146 1
624 2
146 3
626 2
146 1
637 1
-6 1
+6 1
-7 1
+1 1
-1 1
+1 1
+6 7
-6 6
+6 6
-7 6
+1 6
-1 6
+1 6
+6 6
146 12
639 24
+1 12
-1 60
+1 36
+3 78
-1 162
+22 21
-27 42
+30 28
+3 48
cfi=(32)
cfn=(120)
calls=6 25 
* 105
* 7
+7 1
+10 1
-10 2
+1 1
+9 1
-8 2
+8 1
+3 3
+3 2
288 366
620 3

fn=(134)
62 26
+4 13
-1 13
-3 13
+5 13
-2 104
cfi=(20)
cfn=(94)
calls=13 2273 
* 33431
* 9
+5 18
fi=(26)
179 8
+1 4
-1 4
+2 4
+1 4
-2 4
+1 4
+1 4
+10 12
fe=(34)

fl=(2)
fn=(10) _dl_start_final
280 3
+19 3
+1 1
+1 1
-2 1
-19 1
+21 2
-21 1
+20 1
+1 2
cfi=(6)
cfn=(12)
calls=1 60 
* 88
+3 1
-1 1
+3 1
-2 1
+2 2
-3 1
+1 1
+2 1
cfi=(7)
cfn=(14)
calls=1 851 
* 23
+2 1
+33 1
-33 2
+1 1
+32 1
-32 2
+1 1
+31 1
-31 2
+25 1
-28 1
+28 2
+6 1
cfi=(8)
cfn=(16) _dl_sysdep_start
calls=1 89 
* 1331662
578 2

fn=(82)
808 2
+10 1
+2 1
-4 1
+2 1
-10 1
+7 1
-5 1
+10 1
-4 1
-8 1
+12 4
-2 1
-8 1
+4 1
+6 2
cfi=(26)
cfn=(84)
calls=1 171 
* 3607
1698 3
cfi=(16)
cfn=(76)
calls=1 320 
* 1321443
+4 2

fn=(83)
808 2
+10 1
+2 1
-4 1
+2 1
-10 1
+7 1
-5 1
+10 1
-4 1
-8 1
+12 4
-2 1
-8 1
+4 1
+6 2
cfi=(26)
cfn=(84)
calls=1 171 
* 3731
1772 3
cfi=(16)
cfn=(77)
calls=1 320 
* 1316284
+2 2

fn=(152)
666 2
+2 5
cfi=(38)
cfn=(154)
calls=1 387 
* 9099
fi=(26)
212 1
+1 1
+1 1
fe=(2)

fn=(2) _dl_start
0 13
fi=(1)
cfi=(41)
cfn=(208)
calls=1 93 
0 132384601
371 4
+34 2
+2 1
-36 1
+34 1
+2 1
-2 593
+2 591
-2 1182
fi=(3)
80 1
-1 1
-21 3
+22 2
fe=(2)
418 1
fi=(4)
119 1
fe=(2)
415 1
fi=(4)
119 1
fe=(2)
418 1
fi=(4)
119 1
fe=(2)
370 2
fi=(4)
127 16
+9 4
fe=(2)
370 4
fi=(4)
119 12
+17 13
fe=(2)
370 13
fi=(4)
119 39
+2 18
+1 54
-1 18
+5 20
+2 3
+2 2
-2 1
+3 3
+1 1
+1 2
-2 1
+3 3
+1 1
+1 3
fe=(2)
370 1
fi=(4)
119 4
+25 2
+20 5
+1 5
+1 5
+1 5
+5 5
+2 5
+1 5
+1 5
+6 3
+3 3
+13 3
+1 4
+4 3
+2 3
+3 3
+1 3
fe=(2)
546 3
+7 1
+16 2
-16 2
+16 1
cfn=(10)
calls=1 280 
* 1331817
-18 17
fi=(5)
76 1
-2 1
+3 1
-20 1
+17 1
+3 1
+2 6
+25 2
+1 16
-1 16
fi=(3)
586 48
fi=(5)
104 16
+5 3
+8 2
fi=(3)
308 1
+15 2
-15 1
+15 1
-15 1
+15 2
fi=(5)
120 1
+2 1
fi=(3)
368 1
fi=(5)
120 1
fi=(3)
340 1
fi=(5)
120 1
fi=(3)
370 1
-2 1
fi=(5)
122 1
fi=(3)
368 1
+2 2
fi=(5)
120 7
+2 7
fi=(3)
368 7
fi=(5)
120 7
fi=(3)
340 7
fi=(5)
120 7
fi=(3)
370 7
-2 7
fi=(5)
122 7
fi=(3)
368 7
+2 22
fi=(5)
117 26
fi=(3)
396 40
fe=(2)

fn=(50)
842 174
+1 58

fn=(170) security_init
855 1
fi=(39) /build/eglibc-B4_LNK/eglibc-2.13/elf/../sysdeps/unix/sysv/linux/dl-osinfo.h
68 1
fe=(2)
857 1
-2 1
+2 1
-2 1
+2 1
-2 1
fi=(39)
75 1
-7 1
+7 1
+48 4
cfi=(6)
cfn=(12)
calls=1 -63 
* 11
* 1
fe=(2)
861 1
fi=(39)
132 1
fe=(2)
861 2
fi=(39)
132 1
+11 4
cfi=(6)
cfn=(12)
calls=1 -83 
* 26
* 1
fe=(2)
870 3
+5 4
+1 2

fn=(52)
848 174
+1 58

fn=(86)
802 48

fn=(160)
725 1
+17 1
-4 3
+4 3
cfi=(37)
cfn=(162)
calls=1 119 
* 676
cfi=(16)
cfn=(38)
calls=1 111 
* 45
1888 5
+3 1
cfn=(170)
calls=1 855 
* 72
+2 3
2122 3
-32 3
+88 2
+4 1
-4 1
+4 3
+4 1
-8 1
+4 1
+4 1
+55 1
-7 1
+7 1
-7 1
+7 1
+3 1
-3 2
+3 32
+17 1
-4 1
+4 3
-8 2
+2 2
-2 2
+2 2
+6 4
+1 9
cfi=(40)
cfn=(174)
calls=1 158 
* 1266481
+4 3
+3 1
+2 2
732 2
2257 1
+1 1
-3 2

fn=(161)
775 1
cfi=(37)
cfn=(166)
calls=1 329 
* 542

fn=(26) dl_main
891 2
+19 1
-19 2
+19 4
+3 1
-22 1
+22 2
+4 1
-26 1
+26 2
+1 1
+8 1
-8 2
+5 1
-32 1
+32 2
+3 1
cfn=(28) process_envvars
calls=1 2532 
* 535
+7 5
1112 10
cfi=(14)
cfn=(34)
calls=1 62 
* 1330666
fi=(8)
246 3
fe=(2)

fn=(92)
634 6
+2 18
cfi=(20)
cfn=(94)
calls=2 2273 
* 7178
fi=(26)
179 4
+1 2
-1 2
+2 2
+1 2
-2 2
+1 2
+1 2
+10 6
fe=(2)

fn=(28)
2532 2
+8 1
-8 1
+8 1
-7 1
+7 1
-7 1
-1 1
+1 2
+7 2
2676 1
2540 1
-4 1
+4 1
2686 1
2535 1
2686 2
-13 1
+3 1
-3 2
2542 2
cfi=(12) /build/eglibc-B4_LNK/eglibc-2.13/elf/dl-environ.c
cfn=(30) _dl_next_ld_env_entry
calls=1 31 
* 37
* 4
cfi=(12)
cfn=(30)
calls=2 31 
* 130
* 6
+4 35
+1 19
-1 57
+3 4
+6 8
2705 1
-4 1
+4 3
+33 6
+22 2
2540 4
+91 5
cfi=(13)
cfn=(32)
calls=1 329 
* 86
* 2
-53 5
cfi=(13)
cfn=(32)
calls=1 329 
* 18
* 2
+7 5
cfi=(13)
cfn=(32)
calls=1 329 
* 56
* 2
+2 4
+1 1
+45 4
+1 1

fl=(12)
fn=(30)
31 3
+3 9
+2 63
-2 57
+17 6
-14 21
+5 2
-3 2
+3 2
+2 2

fl=(8)
fn=(64)
fi=(20)
727 1
+5 2
cfi=(16)
cfn=(42)
calls=2 95 
* 1398
fe=(8)
356 1
-2 3
+2 1
+1 1
-1 2
+1 3
-3 1
+2 2
-2 1
+2 1
+10 1
-12 1
+12 6
+1 4
-1 1
+1 1
-1 1
+1 1
-1 1
+2 1
-2 10
+1 48
-1 12
+1 12
-1 12
+1 12
-1 12
+2 12
-2 121
+10 6
+44 4
cfi=(21)
cfn=(66)
calls=1 82 
* 12
* 2
-2 1
+20 1
-20 2
+17 4
+3 1
-3 3
+3 1
-2 1
+2 1
+27 4
+5 1
-5 3
+5 3
-4 91
+2 2
+1 10
cfi=(10)
cfn=(22)
calls=2 28 
* 45
+1 22
-1 2
-1 2
+2 4
+1 2
-2 2
-4 55
+8 3
+2 2
+1 1
-1 1
+1 3
+8 1
-4 1
+4 1
-4 4
+1 2
+3 1
+3 3
+4 2
+1 1
-1 1
+4 1
-4 3
+4 1
-1 1
-2 1
+18 5
+1 2
-1 1
+1 1
cfi=(22)
cfn=(68)
calls=1 42 
* 1394
cfi=(16)
cfn=(42)
calls=1 95 
* 31
-16 2
+1 1
-1 1
+1 1
-1 1
+1 2
-1 1
+1 1
-1 1
+1 1
-1 1
+1 2
-1 1
+2 3
+1 2
+1 1
+1 1
-1 2
+5 4
375 1
-1 2

fn=(65)
611 3
-54 9
cfi=(22)
cfn=(69)
calls=3 42 
* 72
* 12
cfi=(22)
cfn=(69)
calls=4 42 
* 64
+3 4
-6 4
+6 4
352 12
561 8
-1 12
+1 16
+1 12
cfi=(22)
cfn=(69)
calls=4 42 
* 104
* 12
cfi=(22)
cfn=(69)
calls=4 42 
* 64
-2 12
+5 12
cfi=(22)
cfn=(69)
calls=4 42 
* 96
* 16
cfi=(22)
cfn=(69)
calls=4 42 
* 64
+2 9
+5 4
+1 1
-1 1
352 16
572 32
+1 16
-1 16
352 2
577 1
352 1
577 2
+3 1
-3 1
+3 1
-3 3
+3 3
-3 3
+3 3
352 8
581 96
+1 96
-1 32
+1 32
-1 32
+1 64
-1 32
-1 32
+2 32
-2 32
+4 4
-4 4
+4 4
+5 2
-2 1
+2 1
-2 1
+2 1
-2 1
+1 1
+1 2
352 2
591 1
352 1
591 1
352 2
592 2
+2 1
-3 5
352 5
591 5
352 10
592 7
+2 2
-2 3
+2 3
-2 3
-3 3
+5 3
+1 3
-6 3
+3 3
-3 3
+5 3
+1 3
-6 3
352 3
602 2
352 1
602 1
352 1
602 1
+3 1
-3 2
+3 1
-3 7
+3 7
-3 14
+3 7
+3 3
+2 1

fn=(200)
252 1

fn=(16)
fi=(2)
357 5
+10 2
fe=(8)
89 1
+25 1
-1 1
+1 1
-1 1
+1 1
-1 1
+1 3
-25 1
+25 2
-25 1
+25 94
+6 1
-2 1
-4 1
+4 1
-1 1
+3 1
-2 1
-4 1
+3 1
-3 1
-23 1
+26 1
+1 1
-28 1
+30 11
-34 1
+5 1
-1 1
+31 76
+58 2
-59 61
fi=(3)
265 1
fi=(18)
36 1
fi=(3)
265 1
fi=(18)
36 1
cfi=(9)
cfn=(18)
calls=1 -7 
* 14
fi=(3)
265 5
+2 1
-2 1
fe=(8)
-36 2
cfi=(11)
cfn=(24)
calls=1 35 
* 15
* 4
+12 5
+3 8
cfi=(2)
cfn=(26)
calls=1 891 
* 1331245
120 1
+34 1
-34 4
+43 1
-43 4
+40 1
-40 1
+40 1
-40 3
+37 1
-37 5
+13 1
-13 4
+10 1
-10 4
+7 1
-7 4
+4 1
-4 3
227 1
cfi=(10)
cfn=(22)
calls=1 28 
* 31
* 2

fl=(31)
fn=(118)
fi=(20)
1303 18
+35 12
+1 24
+2 18
+7 24
+51 6
-73 30
+2 24
+2 60
cfi=(23)
cfn=(71)
calls=6 35 
* 2147
-31 6
+43 20
+2 4
-1 16
+1 4
-1 4
+3 16
fi=(40)
345 10
fe=(31)
82 55
+1 11

fn=(130)
fi=(2)
1793 2
1682 1
1793 1
+18 9
cfi=(34)
cfn=(132)
calls=1 150 
* 1316230
-14 6
+1 1
+3 1
+1 1
-1 1
+2 2
-2 1
+1 1
-1 1
+2 2
+1 2
-15 1
fe=(31)
82 5
+1 1

fn=(131) munmap'2
fi=(36)
313 3
fe=(31)
82 5
+1 1

fl=(6)
fn=(12)
60 14
+7 14
+1 14
+1 12
+1 12
+1 12
+1 12
+1 12
+2 7
+1 7
+6 7
+10 3
+1 3
+1 3
+1 3
+1 1
+1 1
+2 1
+1 1
+1 1
+1 1
+1 1
-4 5
+1 5
+1 5
+1 5
+1 5
-3 5
+1 5
+1 5
+1 5
+1 6
+1 6
+2 7
+1 7
+1 7
+6 1
+1 1
+1 1
+1 1
+2 1
-4 3
+1 3
+1 3
+2 3
-2 3
+2 3
+6 1
+1 1
+1 1
+1 1
+4 1
+7 1
+1 1
-14 3
+1 3
+1 3
+4 3
+7 3
+1 3
+1 1
+1 1
+1 1
+1 1
+1 1
+9 1
-26 3
+4 3
+7 3
+1 3
-1 7
+1 7
+1 3
+1 2
+1 2
+1 2
+1 2
+9 2
cfi=(14)
cfn=(35)
calls=1 -61 
* 335
-13 10
+1 5
+1 5
-1 6
+1 6
+1 1
* 10
+1 5
+9 5
cfi=(14)
cfn=(35)
calls=4 -61 
* 1347
-9 6
+9 6
cfi=(34)
cfn=(133)
calls=1 477 
* 9957
cfi=(14)
cfn=(35)
calls=1 -61 
* 131
+18 5
+1 5
+1 5
+1 5
+1 4
+80 60
+2 53
+2 24

fn=(13)
60 12
+7 12
+1 12
+1 12
+1 12
+1 12
+1 12
+1 12
+2 12
+1 12
+6 12
+10 1
+1 1
+1 1
+1 1
+5 1
+1 1
+1 1
+1 1
+1 1
+1 1
+2 12
+1 12
+1 12
+1 1
+4 2
+1 2
+1 2
+1 2
+1 2
+2 2
-4 2
+1 2
+1 2
+2 2
-3 6
+1 6
+2 6
-2 1
+2 1
+5 2
+1 2
+1 2
+1 2
+1 2
+4 2
+7 2
+1 2
-14 2
+1 2
+1 2
+4 2
+7 2
+1 2
-13 6
+1 6
+4 6
+7 6
+1 6
-12 1
+4 1
+7 1
+1 1
-8 1
+7 1
+1 1
+1 12
+1 12
+1 12
+1 12
+1 12
+9 12
cfi=(34)
cfn=(133)
calls=1 620 
* 761
cfi=(34)
cfn=(133)
calls=5 477 
* 19559

fl=(21)
fn=(124)
fi=(20)
1514 12
+8 12
+3 6
-3 18
+5 6
-4 6
+4 6
-4 6
+2 6
+2 6
-2 6
+2 6
-2 6
+2 6
+16 12
cfi=(7)
cfn=(14)
calls=6 851 
* 138
+4 18
+1 18
+17 18
+9 6
-5 6
+5 18
-5 12
+1 18
+4 6
+10 6
-4 6
+4 6
-4 12
cfi=(14)
cfn=(48)
calls=6 33 
* 372
+4 18
+20 18
-38 4
fi=(28)
71 6
fe=(21)
+11 40
+1 8

fn=(106) read
fi=(20)
1930 6
-7 12
+7 6
+16 36
cfi=(13)
cfn=(32)
calls=6 329 
* 369
* 12
+2 6
-2 12
+4 36
cfi=(13)
cfn=(32)
calls=6 329 
* 336
-4 12
+60 18
+5 18
+2 18
+6 18
+7 6
+1 6
-1 6
+1 12
+1 12
-1 6
+16 18
+16 6
1852 6
2059 24
-16 72
+43 36
-43 36
+2 38
1852 38
2045 112
+4 24
+1 12
-1 6
+15 6
-1 6
+1 6
-1 6
+1 12
-2 6
+4 18
+5 2
+1 2
-13 8
cfi=(13)
cfn=(32)
calls=2 329 
* 92
* 24
cfi=(13)
cfn=(32)
calls=6 329 
* 246
* 16
+16 4
+6 2
-3 2
+3 2
-2 2
+1 2
+1 2
+1 10
-4 2
+1 4
+1 2
-2 2
+4 4
1802 18
+3 18
cfn=(108)
calls=6 1679 
* 5059
1946 4
cfi=(13)
cfn=(32)
calls=1 329 
* 62
* 2
+92 8
fe=(21)
82 30
+1 6

fn=(107) read'2
fi=(20)
1686 6
+2 12
+3 18
1791 6
1691 634
+2 480
+4 6
+4 6
-4 18
+4 18
cfi=(21)
cfn=(111) lseek'2
calls=6 82 
* 3569
+1 6
-5 6
+5 12
+6 18
+84 12
-78 12
-2 24
+4 48
+1 18
+10 6
-4 6
+4 18
cfi=(17)
cfn=(54)
calls=6 38 
* 216
-2 6
+2 12
+6 12
cfi=(10)
cfn=(22)
calls=6 28 
* 186
* 6
+7 6
-6 6
+6 6
+8 48
+1 6
-3 6
+3 12
+9 6
-1 6
+1 6
-4 6
+11 24
-14 166
-92 166
+1 83
+3 83
-3 83
-1 83
+2 83
+2 83
1769 498
-2 83
+2 166
+3 6
cfi=(10)
cfn=(22)
calls=6 28 
* 144
* 6
+1 6
+6 166
-14 154
1659 154
+1 77
+3 77
-3 77
-1 77
+2 77
+2 77
1779 12
+2 6
+1 6
-1 6
+1 6
fe=(21)
82 60
+1 12

fn=(66)
fi=(2)
1716 2
+3 4
cfi=(28)
cfn=(126)
calls=1 44 
* 1321416
fe=(21)
82 10
+1 2
cfn=(67)
calls=1 * 
* 6

fn=(67)
82 20
+1 4
cfn=(67)
calls=4 * 
* 24
* 5
+1 25

fn=(110)
fi=(20)
1688 24
cfi=(21)
cfn=(107)
calls=6 82 
* 4809
fe=(21)
82 30
+1 6

fn=(111)
fi=(20)
1702 24
cfi=(21)
cfn=(107)
calls=6 82 
* 3509
fe=(21)
82 30
+1 6

fn=(104)
fi=(20)
1912 6
-1 6
+1 6
+10 6
+1 6
-1 6
+1 12
-1 6
+1 6
-1 6
+1 6
cfi=(21)
cfn=(106)
calls=6 82 
* 7088
fi=(28)
48 2
-3 2
+3 2
+2 8
cfi=(29)
cfn=(114)
calls=2 -4 
* 18
* 4
+2 2
+3 2
-3 2
+3 2
+2 12
cfi=(23)
cfn=(70)
calls=2 -22 
* 56
fe=(21)
+25 135
+1 27
cfn=(105) open'2
calls=19 * 
* 114

fn=(105)
83 19
+1 95

fl=(36)
fn=(202)
309 1
+1 6
cfn=(203) _dl_unload_cache'2
calls=1 +2 
* 13

fn=(203)
fi=(2)
2374 2
fe=(36)
312 2
cfi=(31)
cfn=(131)
calls=1 82 
* 9

fn=(146)
140 43
+1 141
+2 924
+2 20
+8 4
-2 4
+2 12
-2 4
+1 4
+1 4
+2 24
+2 8
+6 1135
+2 454
+4 188
+1 188
-29 564
+32 8
+1 86
-8 78

fn=(144)
fi=(20)
2423 3
+4 3
+12 1
-5 2
+27 12
cfn=(102)
calls=1 1890 
* 4343
fe=(36)
191 4
-8 4
+8 4
-8 4
+8 4
-8 4
+8 8
+3 20
+45 6
+6 15
+15 9
-6 3
+6 3
cfi=(21)
cfn=(67)
calls=3 82 
* 36
+4 3
+15 3
-15 3
+15 6
-19 3
+5 24
-1 9
+15 6
-25 3
+25 3
-25 3
+25 357
cfn=(146)
calls=30 140 
* 2653
* 168
+21 9
197 5
cfi=(28)
cfn=(127)
calls=1 44 
* 1496
+82 51
cfn=(146)
calls=3 140 
* 265
* 183
+16 24

fl=(1)
fn=(184)
0 7260
cfn=(164)
calls=1815 0 
0 156762
0 7260

fn=(0) 0x00000ef0
0 4
cfi=(2)
cfn=(2)
calls=1 371 
0 133719444

fn=(164)
0 3634
cfn=(165) __udivsi3'2
calls=1817 0 
0 153150

fn=(165)
0 153150

ob=(7)
fl=(49)
fn=(334) 0x0004baf8
0 8
cfn=(290) __aeabi_atexit
calls=1 0 
0 87
cfn=(282) std::error_category::error_category()
calls=2 0 
0 14
0 3
fi=(15)
cfn=(290)
calls=1 0 
0 87
fe=(49)

fn=(250) 0x0004bb98
0 6
cob=(2)
cfi=(15)
cfn=(252) 0x04895238
calls=1 0 
0 1

fn=(286) __cxa_guard_release
0 10

fn=(290)
0 12
cob=(4)
cfi=(53)
cfn=(294)
calls=3 58 
0 263
cob=(1)
cfi=(50)
cfn=(266)
calls=1 45 
0 1403

fn=(326) 0x0004b80c
0 75

fn=(260)
fi=(41)
85 24
-1 6
+1 6
cfi=(49)
cfn=(334)
calls=1 -85 
* 199
cfi=(49)
cfn=(330) 0x0004b96c
calls=1 -85 
* 96
cfi=(49)
cfn=(326)
calls=1 -85 
* 75
cfi=(49)
cfn=(322) 0x0004b6ac
calls=1 -85 
* 75
cfi=(49)
cfn=(304) 0x0004b50c
calls=1 -85 
* 91
cfi=(49)
cfn=(302) 0x0004b4e0
calls=1 -85 
* 10
-1 15
fe=(49)
-84 2
cfn=(274) std::future_category()
calls=1 0 
0 5176
cob=(1)
cfi=(50)
cfn=(266)
calls=1 45 
0 813

fn=(278) __cxa_guard_acquire
0 24

fn=(274)
0 14
cfn=(290)
calls=1 0 
0 1504
cfn=(286)
calls=1 0 
0 10
cfn=(282)
calls=1 0 
0 7
cfn=(278)
calls=1 0 
0 24
cob=(1)
cfi=(50)
cfn=(266)
calls=4 45 
0 3617

fn=(254)
0 12
cob=(1)
cfi=(41)
cfn=(211)
calls=1 84 
0 6596
0 10

fn=(304)
0 91

fn=(322)
0 75

fn=(302)
0 10

fn=(282)
0 21

fn=(330)
0 96

ob=(2)
fl=(15)
fn=(228)
fi=(41)
74 1
+1 2
cob=(1)
cfn=(211)
calls=1 +6 
* 39
fe=(15)
-75 2
cob=(5)
cfi=(47)
cfn=(230) 0x0000f558
calls=1 0 
0 7

fn=(232) 0x0499e1f8
0 1

fn=(366)
0 1

fn=(212)
fi=(41)
74 1
+1 2
cob=(1)
cfn=(211)
calls=1 +6 
* 25
fe=(15)
-75 2
cob=(3)
cfi=(42)
cfn=(214) 0x0000041c
calls=1 0 
0 7

fn=(346) 0x0483147c
0 1

fn=(240)
fi=(41)
74 1
+1 2
cob=(1)
cfn=(211)
calls=1 +6 
* 25
fe=(15)
-75 2
cob=(6)
cfi=(48)
cfn=(242) 0x000032f4
calls=1 0 
0 7

fn=(244) 0x04921110
0 1

ob=(3)
fl=(42)
fn=(214)
0 6
cob=(2)
cfi=(15)
cfn=(216) 0x048273e0
calls=1 0 
0 1

ob=(2)
fl=(15)
fn=(272)
0 56

fn=(216)
0 1

fn=(252)
0 1

fn=(248)
fi=(41)
74 1
+1 2
cob=(1)
cfn=(211)
calls=1 +6 
* 6632
fe=(15)
-75 2
cob=(7)
cfi=(49)
cfn=(250)
calls=1 0 
0 7

fn=(342)
fi=(41)
74 1
+1 2
cob=(1)
cfn=(211)
calls=1 +6 
* 25
fe=(15)
-75 2
cob=(8)
cfi=(54)
cfn=(344) 0x000004b8
calls=1 0 
0 7

ob=(3)
fl=(42)
fn=(218)
0 8
cob=(1)
cfi=(41)
cfn=(211)
calls=1 84 
0 3

ob=(2)
fl=(15)
fn=(362)
0 2
cob=(9)
cfi=(55)
cfn=(364)
calls=1 0 
0 7
0 2
fi=(55)
cob=(9)
cfi=(55)
cfn=(361)
calls=1 0 
0 25
fe=(15)

ob=(6)
fl=(48)
fn=(242)
0 6
cob=(2)
cfi=(15)
cfn=(244)
calls=1 0 
0 1

fn=(246)
0 8
cob=(1)
cfi=(41)
cfn=(211)
calls=1 84 
0 3

ob=(5)
fl=(47)
fn=(230)
0 6
cob=(2)
cfi=(15)
cfn=(232)
calls=1 0 
0 1

fn=(234)
0 12
cob=(1)
cfi=(41)
cfn=(211)
calls=1 84 
0 3
0 10

ob=(8)
fl=(54)
fn=(344)
0 6
cob=(2)
cfi=(15)
cfn=(346)
calls=1 0 
0 1

fn=(348)
0 8
cob=(1)
cfi=(41)
cfn=(211)
calls=1 84 
0 3

totals: 133719448
